wind_speed,swr,fetch_lk,c_relax_C,par_id
0.86316,0.88958,2044.9,0.060724,p0001
1.1102,0.8759,21873,0.08184,p0002
0.99228,0.83579,52374,0.00043412,p0003
1.183,0.82135,69796,0.02389,p0004
0.96538,1.1602,21256,0.055369,p0005
1.0794,0.94858,74416,0.095915,p0006
0.89673,1.0208,50210,0.053001,p0007
1.1259,1.0516,37857,0.097798,p0008
1.0166,0.91269,14848,0.024496,p0009
1.0769,0.83906,5399,0.029569,p0010
1.0556,1.0416,1450,0.044819,p0011
1.0538,1.0469,34807,0.022988,p0012
0.94671,0.85117,1385.6,0.08639,p0013
0.97948,1.0293,69231,0.046991,p0014
1.1066,1.0225,61482,0.055082,p0015
0.81879,0.87109,70826,0.033738,p0016
0.85898,0.88905,40416,0.0035344,p0017
0.82356,0.99669,57472,0.0056675,p0018
1.1811,1.1875,72875,0.066494,p0019
0.98021,1.1533,48100,0.031168,p0020
1.1842,0.92581,9848.7,0.065797,p0021
0.86716,0.95613,70152,0.0075026,p0022
0.80215,0.83901,51904,0.097818,p0023
1.119,1.1426,19624,0.077245,p0024
1.1748,1.1755,45605,0.078575,p0025
1.112,1.1016,50472,0.091966,p0026
0.9734,1.1073,7157.9,0.028743,p0027
0.8471,0.83829,43073,0.090597,p0028
1.049,1.0046,41230,0.072295,p0029
0.84283,1.1056,65876,0.012663,p0030
1.067,0.83721,52964,0.044956,p0031
0.80296,0.98969,36948,0.001134,p0032
0.94464,1.0195,61298,0.057804,p0033
1.0569,0.8556,69356,0.089274,p0034
1.1196,0.92895,19241,0.094845,p0035
0.85716,0.9863,35497,0.078179,p0036
1.0446,1.1015,38861,0.076801,p0037
1.0242,0.81184,61359,0.089387,p0038
0.92044,1.0444,6380.5,0.027224,p0039
0.97522,1.1884,12651,0.056302,p0040
0.81845,1.0313,51718,0.001886,p0041
1.195,1.1089,61957,0.030174,p0042
0.97613,0.81799,9001.6,0.05704,p0043
0.8682,0.92426,42873,0.047301,p0044
0.86538,1.1819,29182,0.017147,p0045
1.1527,1.0031,13916,0.051758,p0046
0.97055,1.0023,28317,0.085169,p0047
1.1727,1.0341,52151,0.067163,p0048
0.95634,0.94323,3515.7,0.022044,p0049
0.87701,0.92797,28835,0.055833,p0050
1.1745,0.80789,64686,0.03817,p0051
0.86414,0.86005,69820,0.06098,p0052
0.96984,0.92813,38334,0.034988,p0053
1.0477,1.0299,48995,0.018005,p0054
1.1969,1.1596,1488.8,0.070663,p0055
0.93825,0.92299,4536.2,0.025714,p0056
1.1191,1.166,23555,0.0058058,p0057
0.8494,0.97387,18119,0.088826,p0058
1.1479,0.95373,12521,0.076965,p0059
1.1273,1.0146,52136,0.07005,p0060
0.98187,1.179,50434,0.078404,p0061
1.0688,1.0482,58071,0.049404,p0062
0.80838,0.92653,45336,0.021604,p0063
1.184,1.0265,71290,0.03732,p0064
0.82329,1.0453,54387,0.060676,p0065
0.96159,0.97728,29430,0.081932,p0066
0.86904,1.1877,53523,0.083301,p0067
0.82661,1.0229,10737,0.036908,p0068
0.98437,1.0075,62802,0.037552,p0069
1.1683,1.1502,39314,0.095454,p0070
1.1968,0.83744,71595,0.014947,p0071
1.044,0.98014,16024,0.021427,p0072
1.1335,1.1549,16578,0.058535,p0073
1.1316,1.113,40661,0.065086,p0074
1.0291,0.82585,71229,0.00023262,p0075
1.11,0.84729,47649,0.0038266,p0076
1.0697,0.98336,7379.2,0.043488,p0077
1.0817,1.0066,34011,0.054693,p0078
1.1029,0.82755,71708,0.01293,p0079
0.89324,1.1554,20857,0.013858,p0080
1.074,0.81262,56998,0.092869,p0081
0.96562,0.87625,28614,0.066438,p0082
1.0264,1.1014,21795,0.0029734,p0083
0.94584,0.9548,22878,0.028078,p0084
1.0962,0.95912,68766,0.03759,p0085
0.83581,1.1832,11385,0.092444,p0086
1.0249,0.8964,70701,0.058762,p0087
1.1503,0.93251,15001,3.5872e-05,p0088
0.80055,0.96702,6744.6,0.063574,p0089
0.88806,1.1364,21304,0.015515,p0090
1.1887,1.105,46962,0.0043431,p0091
1.0283,1.1589,39142,0.046053,p0092
0.87575,0.84556,10546,0.061367,p0093
1.1548,1.1405,58254,0.011045,p0094
0.83132,1.063,26080,0.025644,p0095
0.91689,1.1082,10893,0.049789,p0096
0.96086,1.1939,72013,0.013395,p0097
0.91277,0.82514,32010,0.078063,p0098
0.93492,1.0964,65199,0.072063,p0099
1.0212,0.86335,70641,0.019233,p0100
0.91603,0.80709,72986,0.014096,p0101
1.095,0.9533,34443,0.037245,p0102
1.0615,1.0792,57854,0.050612,p0103
0.89368,1.1023,43377,0.083398,p0104
0.81204,0.87342,59359,0.097865,p0105
0.84734,0.87477,52994,0.095357,p0106
1.084,0.97634,41129,0.022617,p0107
0.95236,1.0243,30020,0.042046,p0108
0.93462,0.95495,43977,0.075863,p0109
1.1366,1.1643,71616,0.054421,p0110
0.88699,0.99866,13945,0.042573,p0111
0.98412,0.98055,36308,0.070604,p0112
0.99398,0.99065,19171,0.0063139,p0113
1.131,1.1269,32953,0.0023311,p0114
0.81588,0.95746,62893,0.015942,p0115
0.83033,0.95015,54529,0.061461,p0116
1.1732,1.1232,61077,0.038633,p0117
1.1648,1.0388,63837,0.082974,p0118
1.0342,1.0105,63685,0.0012397,p0119
0.92153,1.1048,66420,0.073028,p0120
1.0445,0.95188,37396,0.074617,p0121
0.90835,1.054,59483,0.050527,p0122
1.0731,1.0914,72829,0.028335,p0123
0.85873,0.90694,15562,0.089183,p0124
0.9043,1.0564,32418,0.037907,p0125
0.80167,0.8654,70391,0.029294,p0126
1.0738,1.0413,39904,0.027691,p0127
0.91535,0.83091,13720,0.053586,p0128
1.1505,0.95232,40504,0.098934,p0129
1.1199,0.93326,51150,0.091016,p0130
0.92101,1.0928,23143,0.080263,p0131
0.82066,0.91618,23846,0.037868,p0132
0.94595,0.82424,16750,0.063631,p0133
0.83489,1.1975,67161,0.007564,p0134
0.9428,1.1545,8000.9,0.067406,p0135
1.1869,1.0461,11634,0.057965,p0136
0.84926,0.95008,74162,0.025129,p0137
1.1264,0.91769,43505,0.032489,p0138
0.93842,1.1203,6448.3,0.075307,p0139
0.89347,0.98509,35776,0.061556,p0140
1.1357,0.94306,53959,0.028781,p0141
1.0675,0.93082,12166,0.04892,p0142
0.85094,0.96605,28362,0.04638,p0143
0.83635,0.90502,21698,0.0042943,p0144
0.95157,1.0379,25809,0.064414,p0145
0.88304,0.87085,62429,0.062713,p0146
0.80327,1.0641,68259,0.020665,p0147
0.96398,0.97921,35177,0.051958,p0148
1.1522,1.1761,27933,0.0067727,p0149
0.81078,0.93519,2456.8,0.0032494,p0150
0.86753,1.0699,30891,0.088876,p0151
1.1894,0.82291,12009,0.019204,p0152
1.0005,0.89531,15219,0.05093,p0153
0.82197,0.91463,937.25,0.013926,p0154
0.8449,1.0679,12489,0.040917,p0155
0.86083,0.96488,31111,0.018281,p0156
0.95741,0.94519,52817,0.044497,p0157
0.92858,0.96821,65629,0.022918,p0158
1.1195,0.96798,27452,0.052533,p0159
1.104,1.0753,802.14,0.010833,p0160
1.1647,0.86482,59732,0.076735,p0161
0.86059,1.1624,5720.8,0.020761,p0162
0.86136,0.81571,36893,0.033177,p0163
1.1692,0.91406,3944.5,0.075011,p0164
0.94549,0.82164,20359,0.007419,p0165
1.1257,1.1965,27026,0.065869,p0166
1.1204,1.0107,4401.6,0.032696,p0167
1.0426,0.92966,48436,0.046275,p0168
0.91136,0.87645,38051,0.032001,p0169
0.95073,1.1493,48360,0.021201,p0170
1.1881,1.0813,38516,0.059687,p0171
1.1202,1.0631,15792,0.033613,p0172
0.88214,0.94765,26460,0.057084,p0173
1.1323,1.1338,28593,0.047209,p0174
1.0709,1.1392,65262,0.0023289,p0175
1.1949,1.1283,64782,0.038524,p0176
0.99527,1.0202,31946,0.0054262,p0177
1.184,0.98016,60103,0.030041,p0178
1.0911,0.95727,74584,0.027131,p0179
0.84073,1.077,58780,0.072673,p0180
1.0554,1.059,51792,0.058701,p0181
0.956,1.0878,36022,0.034678,p0182
0.8534,1.0224,35393,0.049427,p0183
0.96879,1.1427,26413,0.067995,p0184
0.93066,1.0216,32114,0.069731,p0185
0.90078,0.96345,66279,0.088277,p0186
1.1511,0.93064,770.45,0.073135,p0187
1.0779,0.83302,29287,0.051124,p0188
1.1533,1.1261,72024,0.0070573,p0189
0.90317,1.0087,68897,0.025032,p0190
0.93675,1.0459,59632,0.00030508,p0191
1.1736,1.1374,34226,0.040839,p0192
0.90522,1.1511,45087,0.031346,p0193
1.082,0.88726,50862,0.04192,p0194
0.92905,0.96281,60815,0.03278,p0195
0.91915,1.1679,5081.8,0.071123,p0196
0.94971,0.82748,67429,0.07234,p0197
0.88191,1.1574,46875,0.068847,p0198
1.0089,0.82507,43134,0.07979,p0199
0.8077,0.92279,54853,0.042088,p0200
1.0458,1.1289,28212,0.026039,p0201
0.86043,0.81529,42940,0.013768,p0202
1.0486,0.88259,43268,0.073251,p0203
1.1667,1.0796,30524,0.032656,p0204
0.84173,1.0746,11835,0.02612,p0205
1.0754,0.97223,49584,0.090679,p0206
1.0766,0.85023,4749.3,0.044907,p0207
1.0103,1.0718,51495,0.083161,p0208
1.1474,1.0874,46123,0.0051007,p0209
1.0099,1.071,32756,0.021645,p0210
1.142,1.0894,17847,0.022168,p0211
0.93926,1.0513,15159,0.016053,p0212
0.91097,0.92686,20938,0.075558,p0213
0.96644,1.0785,14741,0.032052,p0214
0.99038,1.1674,56291,0.047157,p0215
0.83098,1.0969,24347,0.031505,p0216
0.97588,1.0382,66893,0.04157,p0217
0.85609,1.0569,74998,0.073807,p0218
0.82535,0.92728,28424,0.091253,p0219
0.96676,0.86842,8898.3,0.0014919,p0220
0.87098,1.0703,38692,0.013421,p0221
0.90232,1.1199,7033.9,0.041863,p0222
1.088,0.87574,48150,0.03451,p0223
1.0367,1.0284,73645,0.042156,p0224
1.1886,1.0615,2194.7,0.093144,p0225
0.99625,0.84628,34428,0.0086855,p0226
0.87031,0.83113,1817.6,0.0096192,p0227
0.84615,1.136,38987,0.073526,p0228
1.0217,0.83274,49824,0.0017155,p0229
0.82525,0.81955,23925,0.051011,p0230
1.1863,1.0489,17638,0.032182,p0231
0.81783,0.84812,47066,0.092825,p0232
0.83764,0.85597,73312,0.012555,p0233
0.91455,1.126,20763,0.026477,p0234
0.96891,0.90896,55409,0.065953,p0235
0.88407,0.9074,31979,0.012378,p0236
0.91954,0.90959,1071.1,0.077626,p0237
1.1454,1.0662,20617,0.022105,p0238
1.1571,1.1319,50404,0.015204,p0239
0.83417,0.82331,3847.4,0.079816,p0240
1.0896,0.87374,44538,0.089333,p0241
0.80616,0.96125,55541,0.0059527,p0242
1.021,0.8307,5323,0.058053,p0243
0.84325,0.9694,59756,0.078682,p0244
1.0471,0.91001,56893,0.074009,p0245
1.0077,0.9407,16485,0.092614,p0246
1.0707,0.89697,4292.2,0.053665,p0247
1.1681,1.1235,34054,0.040028,p0248
1.0758,1.1636,28300,0.090999,p0249
1.093,1.1335,43168,0.085924,p0250
1.0659,1.0739,47963,0.040868,p0251
0.85132,0.83792,7814.9,0.081338,p0252
1.1922,0.82029,35632,0.056708,p0253
1.1125,1.1307,15315,0.040283,p0254
1.0895,0.91941,29064,0.0044085,p0255
0.85967,1.1124,44134,0.0019973,p0256
1.0474,1.1239,13361,0.067923,p0257
0.94987,1.0042,51590,0.057559,p0258
0.80908,1.0015,67718,0.072166,p0259
0.83657,1.0437,71489,0.052229,p0260
0.90701,0.84422,30848,0.044028,p0261
0.82441,0.90612,38412,0.028447,p0262
1.0535,0.93474,56599,0.096951,p0263
0.95719,0.94639,74559,0.066074,p0264
1.0936,1.0362,74074,0.087375,p0265
0.98493,0.85714,72475,0.051536,p0266
0.89145,0.91179,23367,0.073689,p0267
0.87435,0.97879,52686,0.09028,p0268
1.1859,0.87403,22455,0.084256,p0269
1.0022,1.0306,62962,0.031739,p0270
1.0209,0.9034,60180,0.030671,p0271
0.97279,0.99073,37311,0.073355,p0272
1.0455,0.88097,3456.2,0.027052,p0273
0.8049,0.80389,53916,0.0094119,p0274
0.89935,1.085,65384,0.02696,p0275
0.97365,1.1024,28157,0.051567,p0276
0.95451,0.89737,46475,0.024566,p0277
0.94228,1.0724,59032,0.073578,p0278
0.91817,1.1225,543.52,0.0042588,p0279
1.1351,1.0439,35413,0.073802,p0280
1.0705,1.0464,24566,0.0052692,p0281
1.1465,0.85091,30905,0.0069248,p0282
1.1338,1.1787,23586,0.016016,p0283
1.1405,0.99193,17429,0.089881,p0284
0.85427,1.1619,58537,0.052877,p0285
0.81165,0.96663,53141,0.080768,p0286
1.138,0.99726,51660,0.022861,p0287
0.98816,0.96736,19543,0.060421,p0288
0.89853,0.94578,71214,0.063927,p0289
1.106,1.1465,1949.7,0.082026,p0290
0.98103,1.1254,25935,0.061945,p0291
1.1009,0.98298,73704,0.08597,p0292
0.91154,1.0845,568.56,0.086288,p0293
0.87053,1.0606,61657,0.055105,p0294
1.0735,0.96134,69750,0.071211,p0295
0.93516,1.0354,33811,0.022129,p0296
0.92496,1.037,71802,0.048212,p0297
0.85662,0.9123,29632,0.094481,p0298
1.1871,1.043,18562,0.075471,p0299
0.94953,1.1271,61998,0.083801,p0300
0.82724,0.87674,2688.8,0.065069,p0301
0.92289,1.0582,63935,0.031101,p0302
1.1564,1.0643,28762,0.061306,p0303
0.95895,0.84095,50658,0.086567,p0304
0.99328,1.0056,47697,0.079549,p0305
1.1927,0.92543,11028,0.094337,p0306
0.97251,1.1655,50824,0.067912,p0307
0.89341,1.094,9388.8,0.036114,p0308
0.8415,0.97838,3912,0.035772,p0309
0.99305,1.0462,69949,0.059342,p0310
1.0386,1.1935,15286,0.082455,p0311
1.1993,0.92171,28651,0.025091,p0312
1.0666,1.0707,4673.1,0.043933,p0313
0.91341,0.99776,32846,0.079411,p0314
1.1248,1.0503,42831,0.042327,p0315
0.96178,0.98849,35837,0.089657,p0316
0.99359,1.1791,46490,0.019568,p0317
1.0441,0.95093,52021,0.068047,p0318
0.98521,1.0773,33709,0.014926,p0319
0.9722,0.90627,70849,0.023962,p0320
1.0903,1.0652,44701,0.091892,p0321
1.189,1.1681,3617.9,0.040646,p0322
1.0418,0.89547,4251.5,0.0073485,p0323
1.1272,1.1056,27058,0.021337,p0324
1.1805,0.88075,21589,0.059494,p0325
0.85419,0.84316,12256,0.085921,p0326
0.88381,1.1591,24202,0.062826,p0327
0.96624,0.87519,15605,0.098084,p0328
1.0549,1.13,68366,0.09185,p0329
1.0468,0.82613,1590.6,0.086116,p0330
1.1368,1.0886,71778,0.076651,p0331
0.89027,1.0529,19389,0.023373,p0332
1.1573,1.0555,47885,0.099845,p0333
1.1219,1.0945,30437,0.066226,p0334
1.1295,0.93431,26820,0.040117,p0335
0.93609,1.0602,10911,0.022745,p0336
0.8913,0.97711,67174,0.028511,p0337
0.97351,0.81999,16169,0.074698,p0338
0.86548,0.97958,63008,0.021992,p0339
1.1444,0.86091,33529,0.052609,p0340
1.1895,0.93456,22050,0.0094606,p0341
0.99254,0.92864,14087,0.037067,p0342
1.1269,1.0201,12978,0.062055,p0343
1.0809,0.8635,13209,0.050758,p0344
0.85682,1.1306,30812,0.041171,p0345
0.83599,0.83686,15379,0.098815,p0346
1.0794,1.0546,35639,0.034731,p0347
0.93108,0.80154,13789,0.052735,p0348
1.1689,1.169,1724.9,0.010303,p0349
1.0067,0.81754,37102,0.070589,p0350
0.84042,0.9754,57332,0.087811,p0351
1.0257,1.1803,32830,0.093973,p0352
0.98891,0.89964,68095,0.043545,p0353
0.98845,0.99382,15227,0.086434,p0354
0.84582,1.01,52928,0.033232,p0355
0.80404,0.92137,61597,0.025549,p0356
1.0693,1.152,4446.3,0.054894,p0357
0.81007,0.84982,19454,0.09169,p0358
1.013,0.84204,8163.2,0.053122,p0359
1.0181,0.8719,43395,0.030538,p0360
0.96926,0.97737,68634,0.01541,p0361
1.1815,0.85948,19740,0.064547,p0362
1.1768,1.1085,15983,0.017495,p0363
1.1755,1.1118,61085,0.0091524,p0364
0.92238,0.90134,54627,0.039285,p0365
0.92748,1.1657,72955,0.089734,p0366
0.92183,1.026,40625,0.064573,p0367
0.91714,1.0971,70368,0.024033,p0368
1.1882,0.87165,72237,0.064469,p0369
1.04,0.93689,38014,0.017348,p0370
1.0872,1.0857,71154,0.064031,p0371
1.0601,0.82924,69699,0.088058,p0372
0.93008,1.0261,58819,0.039348,p0373
1.151,0.95161,34701,0.0088862,p0374
0.86737,1.1708,34896,0.039713,p0375
0.9965,1.1295,63315,0.016402,p0376
0.93043,0.92414,6518.2,0.070142,p0377
1.1308,1.0052,53662,0.080094,p0378
1.1641,1.1152,62647,0.081403,p0379
1.0723,0.98703,71514,0.07864,p0380
0.96504,1.1091,24680,0.023364,p0381
1.0284,1.0627,69689,0.05308,p0382
0.81795,0.97247,31490,0.026535,p0383
0.88645,0.88406,38459,0.0019251,p0384
1.0162,1.0761,73121,0.005474,p0385
0.91469,1.0583,31367,0.083725,p0386
1.1266,0.83442,18432,0.030835,p0387
0.88013,0.82674,70296,0.011109,p0388
0.94167,0.92196,35326,0.033974,p0389
0.87136,0.85691,18911,0.070325,p0390
0.85788,1.0567,47411,0.020526,p0391
1.1678,1.1989,73915,0.062978,p0392
0.94199,0.94121,39714,0.039948,p0393
0.99758,0.82107,65166,0.05698,p0394
1.0301,1.021,13998,0.024196,p0395
1.1746,0.89327,67586,0.06144,p0396
1.1911,1.1431,34500,0.0075974,p0397
0.95407,1.1449,25949,0.033718,p0398
1.1551,0.94977,70861,0.087747,p0399
0.86367,0.96306,34390,0.046476,p0400
0.99442,1.0205,54059,0.048446,p0401
0.89609,0.9782,64305,0.024298,p0402
0.98574,0.9437,3392.7,0.058195,p0403
0.84088,1.1451,70189,0.016256,p0404
1.022,0.85985,23276,0.041795,p0405
1.0847,0.83149,29536,0.0077483,p0406
0.93038,0.98474,25716,0.095211,p0407
1.1956,0.83436,51529,0.0085266,p0408
0.81389,0.97507,26500,0.0052418,p0409
1.0376,0.90319,612.51,0.095053,p0410
1.0442,0.84351,47364,0.04301,p0411
1.1856,0.83397,7798.3,0.035197,p0412
0.98867,1.1538,46522,0.025525,p0413
1.1605,1.0834,61246,0.013663,p0414
1.115,0.91304,50147,0.063129,p0415
0.80357,0.95666,14791,0.053778,p0416
0.99137,1.1417,66058,0.036405,p0417
0.92883,0.86431,41820,0.02104,p0418
0.81646,1.0528,30058,0.06638,p0419
0.87502,0.98532,2330.4,0.076853,p0420
1.0501,0.92941,19689,0.051823,p0421
0.9097,1.1842,8254.1,0.082087,p0422
1.0747,0.86709,56856,0.074045,p0423
0.88943,1.009,71962,0.041115,p0424
1.0531,1.0777,52398,0.053822,p0425
1.002,0.90075,63147,0.025069,p0426
0.87297,1.0732,13127,0.036222,p0427
0.9929,0.91421,24750,0.029904,p0428
1.1185,1.1939,71924,0.044589,p0429
1.1905,0.93379,19200,0.096039,p0430
0.86162,1.0538,61793,0.072832,p0431
1.1854,1.1155,57139,0.069034,p0432
1.1817,1.1473,49670,0.097407,p0433
1.1932,1.0351,42059,0.061162,p0434
1.1979,0.86792,41426,0.046829,p0435
1.1753,1.0333,55364,0.029664,p0436
1.1021,0.85072,36578,0.029517,p0437
0.91181,1.111,16357,0.080385,p0438
1.0949,1.1415,46616,0.051309,p0439
1.1146,1.1847,67446,0.060807,p0440
0.93751,0.85982,37963,0.087505,p0441
0.82509,0.86025,43864,0.090044,p0442
1.0364,1.0907,43323,0.022359,p0443
0.90415,0.83517,26228,0.084826,p0444
0.8946,1.011,56236,0.016724,p0445
1.0198,1.0862,1343.1,0.066725,p0446
1.1312,1.027,53094,0.053435,p0447
1.0062,0.85025,10346,0.082612,p0448
1.1543,1.0009,24449,0.093117,p0449
0.95666,1.1822,33785,0.062615,p0450
1.1763,1.1638,20200,0.068742,p0451
0.85925,1.151,17551,0.037975,p0452
1.0237,1.047,63213,0.046779,p0453
0.99739,0.99945,12425,0.043813,p0454
0.98817,1.0094,35268,0.060914,p0455
0.94308,1.1974,9910.9,0.045256,p0456
1.1862,1.183,65684,0.060322,p0457
0.98765,0.81477,53685,0.048943,p0458
1.0576,0.8194,9178.2,0.014241,p0459
0.83753,1.0962,4940.1,0.057311,p0460
0.92378,0.8681,57263,0.020273,p0461
0.93697,1.0989,70497,0.061584,p0462
0.9374,0.91976,22388,0.032472,p0463
1.1125,1.1302,41874,0.036496,p0464
1.1343,1.1194,1973,0.094261,p0465
1.0582,0.82147,73084,0.078833,p0466
1.0188,0.90037,46270,0.029394,p0467
1.0413,1.1745,36483,0.036805,p0468
0.9792,1.0667,30274,0.038387,p0469
0.83853,1.0137,61464,0.051625,p0470
0.91751,0.89715,7440,0.00048776,p0471
1.0117,1.1198,70063,0.017558,p0472
1.1994,1.0139,23656,0.029987,p0473
1.1123,0.98826,15826,0.096908,p0474
0.99875,0.87205,47597,0.035631,p0475
1.0802,0.88211,64631,0.0081257,p0476
0.96698,1.1327,63910,0.057382,p0477
0.81507,1.0794,36422,0.092694,p0478
0.96173,0.92748,49278,0.051683,p0479
0.83958,0.94154,30181,0.051501,p0480
0.84966,0.92657,72261,0.062496,p0481
1.0924,0.90962,53574,0.0843,p0482
0.81742,0.90764,12293,0.033872,p0483
1.0956,1.0474,23800,0.069234,p0484
1.1303,0.8427,41358,0.096692,p0485
1.1972,0.80737,44607,0.099546,p0486
1.0721,1.1861,22269,0.034612,p0487
1.1108,0.95316,39461,0.028974,p0488
0.87014,0.94392,31826,0.053157,p0489
0.82595,0.85906,3894.6,0.077753,p0490
1.0545,0.99095,11119,0.094372,p0491
0.87362,0.87247,41000,0.014264,p0492
1.1831,1.1147,25361,0.062859,p0493
0.91504,0.93879,22224,0.084592,p0494
1.0947,1.1742,42287,0.061048,p0495
0.88483,0.80336,51361,0.055735,p0496
0.96233,1.0266,65719,0.01195,p0497
1.0138,1.1873,21228,0.071955,p0498
0.93325,0.80367,24852,0.069657,p0499
0.88831,1.0993,8194,0.06201,p0500
1.0181,0.85352,31899,0.094555,p0501
0.9707,0.9912,45260,0.031314,p0502
0.90949,1.0687,64818,0.064853,p0503
1.038,0.86302,52214,0.016745,p0504
1.1825,1.0756,11513,0.023988,p0505
0.82455,1.1075,21413,0.023266,p0506
0.83562,0.81659,10093,0.0010482,p0507
0.9248,1.0565,45585,0.046658,p0508
1.1624,1.1726,47487,0.066618,p0509
1.0719,0.88196,7301.6,0.052198,p0510
0.9993,0.93851,18220,0.095164,p0511
0.87109,0.96901,8403.3,0.050396,p0512
0.90338,0.91121,3979.2,0.071085,p0513
0.94481,0.98934,29587,0.075944,p0514
1.14,0.89032,46567,0.091553,p0515
1.139,0.88609,48139,0.026849,p0516
0.88522,1.1865,54270,0.036132,p0517
0.80037,1.1898,53789,0.024074,p0518
1.0255,1.0866,42369,0.064371,p0519
0.853,1.035,9540,0.097725,p0520
0.83678,1.147,58732,0.096115,p0521
1.0457,1.041,64997,0.097264,p0522
0.86224,0.8801,9508.6,0.051706,p0523
1.167,0.80992,57659,0.053493,p0524
1.0798,1.0881,45152,0.097035,p0525
0.96939,0.94507,73145,0.015478,p0526
0.9836,1.007,17461,0.037523,p0527
0.93937,1.1854,41693,0.083068,p0528
1.051,0.95032,61276,0.016493,p0529
0.82576,1.1065,13105,0.059096,p0530
0.81817,1.1836,36287,0.075418,p0531
0.85105,1.0883,51301,0.077654,p0532
1.1828,0.91504,11357,0.024746,p0533
0.91851,0.84012,33693,0.079941,p0534
1.1031,1.0029,4061,0.052133,p0535
0.84635,0.9932,41722,0.087261,p0536
1.1052,0.93993,38663,0.0076237,p0537
1.1987,1.0364,53323,0.017448,p0538
0.84994,0.89398,32342,0.088964,p0539
1.1715,0.80403,65528,0.048614,p0540
0.91491,1.1172,41836,0.07361,p0541
0.931,0.98174,37916,0.082495,p0542
0.81649,1.1189,26729,0.018608,p0543
0.87469,0.84965,71407,0.03801,p0544
1.0094,0.87858,5802.4,0.099487,p0545
0.8695,0.88243,21368,0.022263,p0546
0.96245,1.0169,73378,0.053949,p0547
1.1473,0.99795,60417,0.022818,p0548
0.84135,1.0209,53695,0.013295,p0549
1.1808,0.85819,69093,0.043342,p0550
1.189,0.99175,37267,0.005708,p0551
1.1975,0.89486,57618,0.060092,p0552
1.1885,0.97274,43770,0.06996,p0553
1.0129,1.1758,65054,0.0041133,p0554
0.99487,1.0347,25506,0.057878,p0555
1.1208,0.83676,7714.6,0.079358,p0556
1.034,0.83055,33292,0.056955,p0557
0.91049,1.0049,17270,0.0025391,p0558
0.9645,0.88917,43497,0.021776,p0559
0.97284,0.91855,39025,0.077115,p0560
0.97517,0.98717,29230,0.024694,p0561
1.0482,1.1677,25850,0.052098,p0562
0.98649,1.0587,47305,0.017068,p0563
1.0596,1.1182,44472,0.091331,p0564
1.0639,0.99437,58670,0.076069,p0565
1.1425,1.1844,42788,0.056272,p0566
0.94404,0.84365,18733,0.049113,p0567
0.99791,0.98047,42159,0.013638,p0568
1.1007,1.107,74462,0.044623,p0569
0.80375,0.83554,58285,0.021215,p0570
0.9088,1.1897,66265,0.081057,p0571
1.161,0.85935,14627,0.044057,p0572
0.86613,1.0571,13261,0.013502,p0573
1.0503,1.1161,22995,0.018499,p0574
1.0432,1.1609,54368,0.01228,p0575
1.0135,0.95877,71635,0.032572,p0576
0.86235,1.0778,24275,0.052051,p0577
1.1058,1.0838,67873,0.0045789,p0578
0.92879,1.069,18043,0.047411,p0579
1.1137,1.076,32686,0.060546,p0580
1.0915,0.80579,40268,0.089783,p0581
0.82053,1.0956,21474,0.043619,p0582
0.9071,1.0239,59997,0.00020441,p0583
0.83277,1.0061,36623,0.0087668,p0584
1.1576,0.98812,46003,0.069147,p0585
1.0127,1.1298,1250.7,0.068261,p0586
0.8576,1.1828,51322,0.078502,p0587
0.83088,0.87008,12668,0.081494,p0588
0.80576,0.97499,4208.5,0.010424,p0589
0.98351,1.0129,44340,0.048156,p0590
0.9258,0.99446,33971,0.024475,p0591
1.01,0.91087,20480,0.098666,p0592
1.0679,0.81821,7768.5,0.075695,p0593
0.89076,1.0322,45901,0.070883,p0594
1.1661,0.93127,22247,0.082706,p0595
1.0724,1.0517,47865,0.042986,p0596
1.0416,0.85746,68925,0.096234,p0597
1.0121,1.1247,981.04,0.014495,p0598
0.93547,0.80029,45924,0.084672,p0599
1.1986,1.1569,58154,0.080762,p0600
0.91944,1.1282,50342,0.064711,p0601
0.90529,0.86638,71744,0.010974,p0602
0.85703,0.80206,36815,0.055006,p0603
1.19,1.1893,69621,0.028579,p0604
1.1695,0.80092,1613.3,0.069891,p0605
1.1912,1.1717,57193,0.022522,p0606
0.80156,0.83878,2105.1,0.02891,p0607
1.1582,1.1411,17008,0.038772,p0608
1.0016,0.94357,45406,0.036021,p0609
1.1252,0.94842,50739,0.035755,p0610
0.90738,1.1869,3040.8,0.024977,p0611
0.88906,1.0723,11566,0.06761,p0612
0.94223,0.95868,51218,0.048586,p0613
0.90399,0.94008,15407,0.051445,p0614
0.81961,1.1138,12880,0.006378,p0615
1.033,0.88388,69179,0.04312,p0616
1.1432,1.1379,48879,0.036193,p0617
1.0196,1.0296,64049,0.058467,p0618
0.99098,1.1116,30590,0.011845,p0619
0.86427,0.93802,33356,0.0030938,p0620
0.83805,0.9935,13633,0.016479,p0621
1.0374,1.1752,59300,0.0063611,p0622
1.011,0.98432,40863,0.063043,p0623
0.81288,1.0319,44677,0.061209,p0624
1.0009,0.93633,44204,0.066711,p0625
1.148,1.0218,32158,0.037755,p0626
0.92699,0.82786,9041.3,0.087338,p0627
1.1173,0.87877,32597,0.046762,p0628
1.1023,0.86206,38269,0.098415,p0629
1.0874,1.0229,20442,0.016107,p0630
0.80768,1.0278,66633,0.071408,p0631
0.97076,1.1479,43253,0.017758,p0632
0.83914,0.93266,43994,0.096865,p0633
1.1694,1.0917,53441,0.03026,p0634
0.9021,0.91544,11735,0.018179,p0635
0.91876,0.87181,48267,0.04775,p0636
0.9677,0.91356,35150,0.044536,p0637
0.88246,1.0154,53209,0.064786,p0638
1.0563,1.1377,34153,0.085788,p0639
1.0231,1.0241,42510,0.093349,p0640
1.1152,0.8342,50541,0.060447,p0641
0.84366,1.0403,20242,0.04981,p0642
1.0141,1.0408,12303,0.087239,p0643
1.1096,0.85279,50045,0.091184,p0644
1.1622,0.88186,17171,0.031895,p0645
0.94157,1.1489,18538,0.0166,p0646
1.0943,0.88293,71879,0.0090551,p0647
0.94046,0.83625,18320,0.05059,p0648
0.97922,1.0611,15188,0.056759,p0649
1.0351,0.82437,6879.8,0.036973,p0650
1.0986,0.90224,62242,0.081579,p0651
0.92328,1.0316,48691,0.0034716,p0652
0.96757,0.93922,49190,0.092553,p0653
1.0204,1.0719,16860,0.081689,p0654
1.1786,0.85298,46181,0.012814,p0655
1.0851,1.1838,8291.8,0.035341,p0656
1.0232,0.89133,48973,0.037813,p0657
1.0699,1.0971,63535,0.045014,p0658
1.0813,0.93656,22107,0.073062,p0659
1.1319,0.99696,74404,0.057615,p0660
1.1477,0.86173,35735,0.026984,p0661
1.0087,1.1139,28107,0.0202,p0662
0.99512,1.1037,23042,0.074263,p0663
1.0969,1.19,66028,0.083495,p0664
1.0293,0.83967,55777,0.075154,p0665
1.1674,0.94872,18178,0.078116,p0666
1.1865,0.83799,52250,0.095031,p0667
0.94725,0.96716,68617,0.071851,p0668
1.1635,0.89864,27714,0.050037,p0669
1.1934,0.82037,28506,0.078286,p0670
0.81112,0.94535,40715,0.050511,p0671
1.068,1.1919,53233,0.045673,p0672
1.0592,0.82819,56086,0.053255,p0673
1.0164,1.1421,66519,0.065514,p0674
0.83719,1.1653,12767,0.069606,p0675
0.84888,0.90667,15725,0.088613,p0676
0.98674,1.0392,9944.7,0.026828,p0677
0.99241,0.8263,16777,0.049985,p0678
1.1253,1.1156,61876,0.0097225,p0679
1.0432,1.0077,6959.5,0.061858,p0680
0.91195,0.99399,19518,0.090477,p0681
0.88281,1.0934,44224,0.056554,p0682
0.89817,1.1699,20167,0.08837,p0683
1.0841,1.0927,67051,0.00063259,p0684
0.89306,0.90382,2883.3,0.09749,p0685
1.0279,0.91474,50862,0.015641,p0686
0.94697,1.0978,40017,0.065467,p0687
1.1036,1.1989,21968,0.054211,p0688
1.1655,1.174,70239,0.059972,p0689
0.93297,1.0668,27200,0.047957,p0690
1.0003,0.81123,11073,0.073173,p0691
1.1962,1.0342,55918,0.065182,p0692
0.89194,1.1671,3016.3,0.083328,p0693
0.85466,1.1695,45079,0.016633,p0694
0.88785,0.8997,68537,0.081101,p0695
0.92532,0.87689,52097,0.012982,p0696
1.0916,0.92386,66192,0.086998,p0697
1.0677,1.1714,47323,0.090604,p0698
0.97711,0.93328,63645,0.038762,p0699
0.88752,1.0997,30468,0.089704,p0700
1.1288,1.0869,27611,0.016002,p0701
0.95027,0.99054,2147.3,0.080982,p0702
0.85443,1.1113,62025,0.070796,p0703
0.97851,1.1732,50486,0.026351,p0704
1.1711,1.0713,33274,0.010495,p0705
0.85187,0.8566,4169.7,0.0095307,p0706
1.1424,1.131,58582,0.054727,p0707
0.95929,1.1956,5536.5,0.010454,p0708
1.0584,1.0593,21085,0.033605,p0709
0.91763,0.89459,24423,0.055308,p0710
0.98965,0.83018,74747,0.0039107,p0711
0.87567,0.91837,721.62,0.018973,p0712
1.1788,1.191,55321,0.07721,p0713
1.081,1.073,63074,0.011633,p0714
1.0837,1.0898,61017,0.033061,p0715
1.0921,0.83941,55038,0.077822,p0716
0.80639,0.86392,43913,0.035218,p0717
1.1448,1.1323,25773,0.011697,p0718
1.0312,1.1229,56687,0.0036222,p0719
0.90052,0.87093,47275,0.088504,p0720
1.0328,1.0775,44499,0.010713,p0721
0.92978,1.0736,25036,0.012356,p0722
1.0863,1.1135,74691,0.080534,p0723
0.8809,1.0081,48572,0.049034,p0724
0.85814,0.88172,2210.7,0.011802,p0725
1.1391,0.82469,74709,0.086461,p0726
1.0296,0.86647,18661,0.017794,p0727
0.85747,0.81058,73665,0.096319,p0728
1.117,0.88884,30628,0.010241,p0729
1.136,1.1587,68679,0.058216,p0730
1.0151,1.1287,67345,0.016354,p0731
1.0614,0.94016,17346,0.05684,p0732
1.1025,1.1571,65937,0.088678,p0733
1.1799,1.1719,40310,0.076943,p0734
0.97108,0.9786,17097,0.045621,p0735
0.82689,0.80236,39075,0.039631,p0736
0.89899,0.86365,29360,0.093022,p0737
1.1656,1.1737,8154.8,0.093425,p0738
1.0592,1.0714,47581,0.068237,p0739
1.1578,1.0811,67954,0.018293,p0740
1.1278,0.97776,35455,0.076431,p0741
0.99552,1.0891,50194,0.045339,p0742
1.1931,0.91675,46863,0.088018,p0743
1.0185,1.1127,23488,0.082247,p0744
1.0379,1.0831,52576,0.090743,p0745
0.91978,1.1021,10291,0.038922,p0746
0.8999,0.85166,10193,0.060607,p0747
0.94262,1.1862,59978,0.092261,p0748
0.87879,0.84018,45771,0.055423,p0749
1.0818,1.0116,10264,0.062213,p0750
0.81521,1.0585,38371,0.01216,p0751
1.1118,1.1607,70112,0.072157,p0752
0.86664,0.82696,20267,0.03213,p0753
0.95215,1.1369,66661,0.08924,p0754
0.8535,0.9733,44583,0.0020614,p0755
1.1834,0.88829,57932,0.01765,p0756
1.174,0.99964,3505.1,0.045512,p0757
1.1965,0.9391,67318,0.078366,p0758
1.1269,1.0984,33642,0.050774,p0759
1.1095,1.1927,6176.3,0.016788,p0760
1.0996,1.1867,64169,0.0088455,p0761
1.1074,1.0654,6150,0.037357,p0762
0.9261,1.0744,70042,0.020216,p0763
0.9611,1.125,9956.2,0.095804,p0764
1.1485,1.0325,49024,0.025582,p0765
0.81169,1.0596,54004,0.034297,p0766
0.85862,0.91072,17386,0.070823,p0767
0.89014,1.1959,13810,0.097983,p0768
1.1408,0.81277,33017,0.078678,p0769
0.83372,1.1341,13467,0.098748,p0770
1.0084,0.84396,62546,0.094214,p0771
0.9709,1.0368,37211,0.092759,p0772
1.1385,0.91995,22331,0.085516,p0773
1.0318,1.0263,17819,0.078029,p0774
1.1178,1.1832,37950,0.092922,p0775
1.098,0.95991,73178,0.038842,p0776
0.89268,0.94826,71565,0.071066,p0777
0.83358,0.97248,18476,0.02424,p0778
1.0829,1.1797,50266,0.030471,p0779
1.0644,1.1628,3578.1,0.045924,p0780
0.90249,1.1673,57432,0.025751,p0781
0.90578,0.80916,56021,0.053555,p0782
0.99561,0.80517,39745,0.044143,p0783
0.92347,1.1915,63796,0.098518,p0784
0.97473,0.82064,23254,0.010261,p0785
1.0495,1.1824,55476,0.027955,p0786
1.1756,1.1142,9451.8,0.0099388,p0787
0.8847,1.0561,63957,0.044873,p0788
0.93863,1.0098,38713,0.05065,p0789
0.92353,0.81027,17736,0.052348,p0790
0.96362,1.0091,40223,0.083236,p0791
1.0877,0.82092,68224,0.096962,p0792
0.86686,1.1313,69128,0.076372,p0793
1.1206,0.81298,67084,0.044976,p0794
1.1207,0.89948,27748,0.062765,p0795
0.94638,0.80723,21840,0.00332,p0796
1.1875,1.0011,28955,0.086194,p0797
0.88099,0.98249,47130,0.072483,p0798
0.841,0.82489,14180,0.047088,p0799
0.90932,1.1079,11238,0.042708,p0800
1.0013,1.0084,19956,0.02747,p0801
0.90364,0.90853,6678.7,0.087459,p0802
0.88192,1.128,22312,0.034931,p0803
1.0972,0.85368,17529,0.057503,p0804
0.82766,0.92019,3109.2,0.032409,p0805
1.0423,1.1738,41657,0.085687,p0806
0.96719,1.1027,1909.5,0.015361,p0807
1.1529,1.093,7848.4,0.026143,p0808
1.048,1.03,42651,0.084514,p0809
0.90871,1.1357,64573,0.0039559,p0810
1.1801,0.87565,37084,0.023816,p0811
1.0785,1.1685,68591,0.049309,p0812
0.85664,0.86959,26985,0.04653,p0813
0.87186,1.0452,3656.4,0.072853,p0814
1.0307,1.1621,63431,0.019519,p0815
1.1715,1.0949,12862,0.068314,p0816
1.1297,1.1826,66457,0.06859,p0817
0.80514,1.1184,40944,0.0252,p0818
1.0385,0.97969,45208,0.027036,p0819
0.96853,0.95778,63599,0.075094,p0820
1.0561,0.81827,64553,0.073211,p0821
1.134,0.90893,58900,0.055145,p0822
1.0214,0.83928,52534,0.035068,p0823
1.0028,0.87269,38948,0.037104,p0824
1.1028,1.1689,51565,0.0048346,p0825
1.079,0.86887,47709,0.033552,p0826
0.83172,1.0502,16334,5.5564e-05,p0827
1.1224,1,74942,0.020877,p0828
1.1938,1.1019,32733,0.085126,p0829
1.1928,1.1957,693.54,0.085619,p0830
0.8907,1.1659,5977.2,0.040686,p0831
1.0629,0.94463,34989,0.0084247,p0832
1.0092,0.83772,28529,0.091599,p0833
1.0144,1.1297,40838,0.018855,p0834
1.057,0.93858,10957,0.081774,p0835
0.97171,1.0702,14425,0.076599,p0836
0.88684,0.96644,21759,0.030887,p0837
1.186,0.84706,19904,0.067647,p0838
1.0437,1.0689,69897,0.017699,p0839
0.8285,1.0259,45359,0.037133,p0840
1.141,0.9427,38038,0.02148,p0841
1.1261,0.98178,37816,0.095576,p0842
0.8268,1.1223,39585,0.02725,p0843
1.0815,0.88501,36535,0.0069907,p0844
1.1363,0.84859,41271,0.041616,p0845
1.1823,0.84914,32910,0.079387,p0846
1.0105,0.94707,43742,0.032942,p0847
1.1116,0.87488,13451,0.081904,p0848
0.9101,0.96189,17123,0.048186,p0849
1.1658,1.0506,15368,0.049155,p0850
1.008,1.0674,1880.1,0.059065,p0851
0.90667,1.0865,22845,0.078976,p0852
0.98958,1.0227,55693,0.071771,p0853
1.162,1.114,10807,0.073936,p0854
0.91436,0.85667,20177,0.099007,p0855
1.0199,1.1478,72723,0.054599,p0856
0.95005,0.94555,64628,0.018234,p0857
1.0954,0.94961,34628,0.096473,p0858
0.87161,0.89512,52673,0.041067,p0859
0.84659,0.87829,39156,0.052373,p0860
1.0737,0.95052,61693,0.027899,p0861
0.94788,1.1808,49493,0.098844,p0862
0.94749,1.0111,22084,0.021683,p0863
1.1167,1.0485,13909,0.097303,p0864
0.92798,0.99514,38128,0.032305,p0865
1.1704,1.1586,35682,0.01157,p0866
0.80023,1.1765,62525,0.049216,p0867
0.86854,0.91567,46124,0.075673,p0868
0.96018,1.0086,40486,0.068408,p0869
0.93217,1.1348,38930,0.08674,p0870
1.1766,0.85073,55854,0.068816,p0871
1.0329,1.1523,35108,0.055457,p0872
0.87402,1.1987,74183,0.024099,p0873
0.92049,1.0376,70438,0.090386,p0874
0.83505,1.164,73018,0.084768,p0875
0.93385,0.89919,49195,0.041212,p0876
1.0467,0.82604,897.34,0.026735,p0877
0.95427,0.99483,36607,0.063676,p0878
1.1561,0.9611,49543,0.048031,p0879
1.1701,1.0975,45454,0.084107,p0880
0.87258,1.0832,10589,0.061989,p0881
1.1489,0.83991,59126,0.075802,p0882
1.1996,0.90724,40067,0.036869,p0883
1.0083,1.1273,26523,0.042314,p0884
0.8124,0.82061,50069,0.061686,p0885
1.0299,1.0297,14978,0.053711,p0886
1.0518,1.1934,29386,0.0096538,p0887
0.88533,1.0216,28729,0.034111,p0888
1.0484,1.0701,44925,0.072627,p0889
0.98912,1.1508,56063,0.035281,p0890
0.82635,0.91929,1545.9,0.064207,p0891
0.98305,0.82947,50973,0.0032812,p0892
1.0065,0.99419,13588,0.020374,p0893
1.0695,1.1466,60620,0.099455,p0894
0.90042,0.96833,54896,0.037788,p0895
1.1139,0.91438,26446,0.094313,p0896
1.0359,0.83473,5286.7,0.0013953,p0897
1.0784,1.1243,27575,0.028834,p0898
1.0383,0.87905,17756,0.059556,p0899
1.0641,0.92122,12411,0.058607,p0900
1.0886,1.1232,16536,0.085351,p0901
1.1586,1.1204,8630.9,0.023113,p0902
1.0661,1.0767,22609,0.053967,p0903
0.88168,0.91155,54660,0.053475,p0904
0.94114,0.99004,19768,0.06163,p0905
0.88266,1.1395,39812,0.016817,p0906
0.85031,0.94467,55209,0.072114,p0907
0.93473,1.1582,38589,0.022423,p0908
1.1362,1.1922,18862,0.06243,p0909
1.0295,1.0649,6207.3,0.083276,p0910
0.89492,1.1556,14481,0.043317,p0911
1.1776,1.0602,71330,0.075248,p0912
0.89879,1.1458,61924,0.010153,p0913
1.1607,1.1995,57364,0.098914,p0914
1.1752,0.95955,73515,0.049941,p0915
1.0462,1.1345,49327,0.065752,p0916
1.1145,1.0758,16272,0.043794,p0917
1.1959,1.1491,33414,0.063045,p0918
1.0228,0.96556,62765,0.044377,p0919
1.0076,0.8562,65558,0.038577,p0920
1.0978,0.80426,40236,0.080075,p0921
0.8829,1.0879,52734,0.042376,p0922
0.95478,0.98555,44401,0.013542,p0923
1.0987,1.0673,13139,0.0031905,p0924
0.98598,0.86622,51375,0.098996,p0925
0.90902,0.96441,43821,0.030716,p0926
0.89973,0.81876,33516,0.05192,p0927
1.1394,0.85532,27084,0.0064527,p0928
1.1712,0.89587,49304,0.022563,p0929
0.82845,0.88465,2413.1,0.069992,p0930
0.91064,0.84158,49120,0.0068123,p0931
0.8536,1.019,44068,0.086824,p0932
1.0345,1.06,42482,0.0077248,p0933
1.1866,1.0292,60263,0.064166,p0934
0.97202,0.90873,52305,0.0081904,p0935
1.0866,0.9173,19975,0.091147,p0936
0.89828,0.86933,55576,0.0065834,p0937
0.86842,0.91792,25455,0.0092818,p0938
0.94802,0.81672,44018,0.092026,p0939
1.0654,0.80474,60870,0.012614,p0940
1.0522,0.8867,24936,0.077553,p0941
1.0635,0.85499,62723,0.035931,p0942
1.0225,1.0254,7947.7,0.046315,p0943
1.0372,0.97571,42753,0.095654,p0944
0.81902,1.1149,27858,0.086665,p0945
1.031,0.8554,2928.8,0.054303,p0946
1.1784,0.86781,60012,0.040599,p0947
1.1508,0.93725,13329,0.075997,p0948
1.1672,0.93788,34618,0.0058256,p0949
1.1411,0.98307,20011,0.046424,p0950
0.89253,1.1445,42163,0.067576,p0951
0.81664,0.80808,20776,0.051804,p0952
1.0842,0.81634,39241,0.029639,p0953
1.0852,1.1606,48085,0.078772,p0954
0.91591,0.84567,53282,0.031483,p0955
1.0939,1.0984,53251,0.09194,p0956
0.90923,0.98563,52276,0.028151,p0957
1.0761,0.92342,8682.4,0.013828,p0958
0.87603,1.0457,50002,0.038718,p0959
0.95783,1.1265,65086,0.030353,p0960
1.1708,0.97184,1653.2,0.083857,p0961
1.1545,1.1613,25866,0.02865,p0962
0.92388,1.1437,25620,0.065156,p0963
0.84351,1.022,5198,0.0078649,p0964
0.94187,0.93836,23298,0.080684,p0965
0.98628,1.1653,40567,0.069099,p0966
1.0176,1.0122,8657.2,0.07617,p0967
0.80192,1.0897,70614,0.021862,p0968
1.008,1.0926,51169,0.037187,p0969
1.1073,1.0946,66926,0.078916,p0970
1.062,0.82348,71117,0.082815,p0971
1.0993,1.141,22887,0.006877,p0972
0.9505,0.80294,61220,0.020321,p0973
0.89912,1.0327,10375,0.043191,p0974
0.86479,1.0445,56774,0.067179,p0975
1.0519,1.108,71475,0.03169,p0976
1.1516,0.80626,33848,0.06892,p0977
0.88461,1.1518,45297,0.049526,p0978
0.8107,0.94593,53963,0.014546,p0979
1.0984,1.0466,6101.2,0.02642,p0980
0.95865,1.1455,20529,0.00054702,p0981
1.0691,0.91727,32480,0.077501,p0982
1.0559,1.1101,40983,0.013256,p0983
0.87538,0.94274,24146,0.082373,p0984
1.0992,1.1472,15103,0.0022713,p0985
0.97759,1.1981,5484.9,0.096384,p0986
0.95918,1.0331,60747,0.071315,p0987
1.1615,1.0891,74636,0.010611,p0988
1.0577,0.84697,37593,0.017301,p0989
1.0318,0.85212,60676,0.038928,p0990
1.1849,1.0597,31415,0.034723,p0991
0.98385,0.99826,56932,0.00069696,p0992
1.0024,0.97484,32258,0.019659,p0993
0.95699,0.9576,69149,0.028403,p0994
0.92976,1.0418,66499,0.010948,p0995
0.99987,1.1839,30794,0.050352,p0996
0.99433,0.89831,67541,0.047655,p0997
0.86248,1.0314,67837,0.097109,p0998
0.8102,0.95297,40100,0.018722,p0999
1.0626,1.1071,28393,0.063356,p1000
1.0651,1.1913,5838.8,0.014692,p1001
0.91584,0.85335,71061,0.025659,p1002
0.99336,0.8965,18279,0.037262,p1003
0.8393,0.96514,46661,0.039039,p1004
1.1438,0.92072,68530,0.045067,p1005
1.1357,0.91251,56711,0.033928,p1006
0.90288,0.88699,58378,0.074167,p1007
1.1609,1.0936,14001,0.09958,p1008
0.8234,0.94134,74893,0.04685,p1009
1.1997,0.93775,72088,0.056041,p1010
0.88138,0.99639,51830,0.028452,p1011
0.88613,0.86867,54337,0.031645,p1012
0.82307,0.93398,19000,0.052807,p1013
0.94859,0.85003,37286,0.074967,p1014
1.0244,0.81612,43088,0.039288,p1015
1.1764,0.93173,58010,0.074775,p1016
1.0175,0.93711,3671.5,0.098761,p1017
1.0857,0.9595,10516,0.095545,p1018
1.0039,0.8313,72211,0.048265,p1019
0.90765,1.1968,48046,0.0070471,p1020
0.88716,0.82375,12918,0.091635,p1021
1.0389,1.0018,56438,0.021556,p1022
0.80423,0.94235,59336,0.095971,p1023
1.1401,1.0818,9740.6,0.053193,p1024
1.1899,1.1457,46941,0.015247,p1025
1.1577,0.99108,59515,0.082678,p1026
1.0158,0.88554,34374,0.023728,p1027
1.109,0.85647,52777,0.047975,p1028
1.0718,1.0484,46752,0.0014324,p1029
1.0648,1.1955,23608,0.0037206,p1030
1.1044,0.82905,38484,0.065036,p1031
0.99058,0.89451,40351,0.035979,p1032
0.98619,1.0481,7249.8,0.095303,p1033
1.1158,1.0125,45962,0.028234,p1034
0.82038,0.8355,30480,0.0078085,p1035
1.0058,0.87664,46712,0.080306,p1036
1.1728,1.0852,27359,0.017935,p1037
0.84315,0.81379,59555,0.075513,p1038
1.024,1.1163,8093.8,0.048553,p1039
1.0271,1.0123,1784.1,0.032256,p1040
0.91936,0.97939,31154,0.050046,p1041
0.92593,1.079,20811,0.039573,p1042
1.0799,0.93951,72386,0.086936,p1043
0.94758,1.0943,57064,0.064522,p1044
0.87245,1.1034,46750,0.029075,p1045
0.81694,1.0017,13188,0.031235,p1046
1.075,0.80962,59806,0.089835,p1047
1.1064,0.99598,60943,0.097344,p1048
0.94544,1.1532,10712,0.054607,p1049
0.99211,1.193,67625,0.00010913,p1050
0.84809,0.98992,39363,0.0009401,p1051
0.91298,0.91212,34117,0.040001,p1052
0.80307,0.83698,43688,0.040624,p1053
0.89392,0.83076,13522,0.05735,p1054
0.93987,0.80311,54106,0.070866,p1055
1.0019,0.87761,17408,0.069327,p1056
0.89421,0.8902,35469,0.021902,p1057
0.82879,0.9992,49904,0.08399,p1058
0.80131,1.0385,69855,0.031784,p1059
1.0055,1.1807,4827.4,0.048312,p1060
0.81925,1.0476,8040.4,0.07824,p1061
0.92242,0.80161,30403,0.072373,p1062
1.0397,0.92486,34254,0.0021717,p1063
1.0069,1.0661,36383,0.068112,p1064
1.0134,0.80657,1864.8,0.08909,p1065
0.94708,0.97449,31514,0.046099,p1066
1.0453,1.0618,58793,0.02116,p1067
0.88723,0.95737,66230,0.094088,p1068
0.9207,0.91798,60465,0.096053,p1069
0.96446,0.93535,58448,0.082285,p1070
1.15,0.81372,62855,0.087946,p1071
0.84849,0.97764,54741,0.080151,p1072
0.92015,1.1527,51407,0.091381,p1073
0.89948,1.1414,15912,0.083031,p1074
1.1612,0.94059,70123,0.029881,p1075
1.0272,1.0355,31048,0.05659,p1076
1.0665,0.82237,52334,0.083833,p1077
0.89161,1.1044,2840.4,0.052932,p1078
1.0655,0.94189,19418,0.025914,p1079
0.93288,0.87255,31783,0.033817,p1080
0.93876,0.92269,46389,0.092097,p1081
0.86574,0.80891,60050,0.077771,p1082
1.1082,1.1747,72798,0.09813,p1083
0.90133,1.1799,30684,0.0009868,p1084
1.1554,0.99025,54917,0.058296,p1085
0.89003,0.86105,55276,0.092677,p1086
0.94888,0.90449,8336.3,0.018459,p1087
1.1038,0.83815,65485,0.026249,p1088
1.0168,1.1166,68825,0.027489,p1089
0.9141,1.1735,16119,0.0303,p1090
1.1982,0.84522,26874,0.029828,p1091
0.80542,0.83976,2673,0.039383,p1092
1.0966,0.96291,33055,0.014391,p1093
0.84905,0.8658,73890,0.081123,p1094
1.0887,1.0012,5235.9,0.06689,p1095
0.96257,0.9982,55262,0.041302,p1096
0.94019,1.0854,74250,0.059635,p1097
0.94101,1.0861,70776,0.015822,p1098
0.8739,0.80321,41266,0.055272,p1099
0.92753,1.0366,7554.3,0.010667,p1100
0.86154,0.82453,54613,0.08292,p1101
1.163,0.89892,66777,0.059748,p1102
0.93204,0.80105,4876.6,0.076538,p1103
1.1618,1.1728,53494,0.060173,p1104
0.91325,0.86754,44650,0.049466,p1105
0.81359,1.187,23645,0.048794,p1106
0.83281,1.122,64512,0.053873,p1107
1.1901,0.8538,50756,0.070686,p1108
1.0734,0.95977,58964,0.0095923,p1109
0.94244,1.0247,28085,0.079652,p1110
1.1212,0.95446,2365.1,0.058848,p1111
0.96735,1.1701,39979,0.0071117,p1112
1.1405,1.0901,7279.2,0.077586,p1113
1.0913,0.89882,18299,0.026889,p1114
1.181,1.0058,25266,0.08359,p1115
1.0953,1.1118,19119,0.093225,p1116
1.0613,0.99661,37047,0.029149,p1117
1.0663,1.1331,48482,0.086157,p1118
1.1915,1.0556,17316,0.073445,p1119
1.1855,1.0359,8379.7,0.015533,p1120
0.9493,1.1853,31261,0.069855,p1121
1.1805,1.0932,15697,0.016999,p1122
1.1662,0.81203,13412,0.0092388,p1123
1.1463,0.86048,2741,0.097932,p1124
0.90277,1.0235,57629,0.092961,p1125
1.1386,0.84221,48413,0.081624,p1126
1.1943,1.0051,31756,0.068179,p1127
0.9115,0.92326,30540,0.020081,p1128
0.90634,0.99328,39935,0.015665,p1129
0.86329,1.1436,70271,0.049085,p1130
0.99277,0.8425,56852,0.066776,p1131
1.1327,0.86555,3298.4,0.083633,p1132
1.1325,0.99877,44378,0.083674,p1133
1.0854,0.91193,34731,0.044462,p1134
0.97616,0.92631,18012,0.080015,p1135
0.81135,1.1664,6520.1,0.04594,p1136
0.97885,0.95638,55064,0.082743,p1137
0.84259,0.9989,7624.9,0.029009,p1138
0.90197,1.1777,50577,0.090325,p1139
1.0909,1.0637,29737,0.090552,p1140
0.94915,1.0199,27641,0.041525,p1141
1.0416,0.91029,54979,0.072412,p1142
0.92427,0.96584,6981.3,0.046946,p1143
1.1792,1.1001,26584,0.024361,p1144
1.1916,1.1504,16073,0.020004,p1145
0.82144,0.96217,48473,0.019264,p1146
0.95176,1.0272,52884,0.0030097,p1147
1.1667,1.0608,30927,0.021061,p1148
0.86603,1.1067,9732.7,0.040785,p1149
0.95805,0.97286,10178,0.0021681,p1150
0.83896,0.99854,9069.2,0.073991,p1151
0.84389,1.1167,62144,0.077887,p1152
0.88562,1.1434,26186,0.077136,p1153
0.86631,1.0318,32774,0.0093224,p1154
0.99414,0.89056,66692,0.043451,p1155
0.95309,0.98521,31611,0.095241,p1156
1.0073,1.1236,52063,0.07391,p1157
0.9369,1.1709,23879,0.017031,p1158
0.86351,0.89747,56383,0.049346,p1159
1.1393,0.96613,56548,0.0924,p1160
0.83152,0.97603,2075.2,0.0033307,p1161
0.99842,0.93106,10058,0.077344,p1162
1.042,0.95506,13576,0.012439,p1163
0.92563,0.89,11327,0.041417,p1164
1.1292,1.188,45766,0.015871,p1165
0.87064,0.92864,34752,0.08081,p1166
0.87633,1.1557,5984.3,0.075202,p1167
1.0892,0.88139,64393,0.093548,p1168
1.1234,1.144,30637,0.074395,p1169
1.0288,1.1219,48683,0.034584,p1170
0.85021,1.1997,21194,0.027798,p1171
1.1663,0.9623,21434,0.01399,p1172
0.88444,1.0118,38782,0.040512,p1173
1.0564,1.1481,13374,0.091298,p1174
1.108,1.1594,52595,0.084421,p1175
1.0472,1.1443,42575,0.071023,p1176
0.96202,0.90797,36833,0.053332,p1177
0.82941,0.88148,11888,0.037648,p1178
1.017,0.86061,60771,0.092501,p1179
0.92915,0.94219,10408,0.052648,p1180
0.82549,0.80676,29220,0.081749,p1181
1.023,1.0479,35354,0.093788,p1182
0.81551,1.0447,72789,0.052717,p1183
1.1428,0.88773,64839,0.085855,p1184
1.1645,1.0372,65286,0.075805,p1185
0.97719,0.99312,29019,0.026721,p1186
0.84781,1.0054,58190,0.036463,p1187
0.90855,1.1039,36878,0.07771,p1188
1.1361,1.0505,38544,0.070516,p1189
1.027,0.88024,36759,0.047073,p1190
1.1937,0.86477,19035,0.014587,p1191
0.88233,1.062,6875.4,0.031584,p1192
0.87807,1.0289,26193,0.061801,p1193
0.99893,0.901,63479,0.071356,p1194
0.87974,0.93572,1713.8,0.034327,p1195
1.0501,0.8626,56108,0.062956,p1196
0.97555,0.93034,29456,0.07385,p1197
1.1375,1.1887,41477,0.019389,p1198
1.0357,0.88115,34863,0.060222,p1199
1.0527,0.97098,38830,0.092357,p1200
1.0763,1.0478,8434.6,0.014868,p1201
0.95014,0.95529,53354,0.028945,p1202
0.81226,0.93161,18765,0.024681,p1203
1.124,0.88304,49860,0.08529,p1204
1.1068,1.0125,20833,0.036652,p1205
0.8484,0.83254,55142,0.0029531,p1206
0.8698,1.1464,32567,0.079255,p1207
0.9958,1.0164,39114,0.022084,p1208
1.1459,0.87778,39566,0.031157,p1209
1.0153,1.1102,55517,0.066006,p1210
0.86965,0.83185,15739,0.087681,p1211
1.0773,0.91644,26943,0.044349,p1212
0.89094,0.95439,44865,0.013169,p1213
0.80951,0.9187,3086,0.045969,p1214
1.1432,1.1126,18689,0.02361,p1215
0.879,0.82196,11822,0.057126,p1216
0.81329,1.1129,40610,0.074452,p1217
1.0409,1.0214,16295,0.03644,p1218
0.84247,0.98895,57160,0.0071391,p1219
0.9038,1.0166,3558.4,0.057749,p1220
1.1496,1.1227,39287,0.052,p1221
0.97187,1.1064,49716,0.0048075,p1222
0.90572,1.0401,14667,0.062732,p1223
0.87853,1.0156,27389,0.025271,p1224
1.1179,1.0697,61137,0.012451,p1225
1.185,1.0145,25225,0.040171,p1226
1.1595,1.018,50323,0.021833,p1227
0.9798,1.0047,61555,0.0090367,p1228
0.96384,0.96,60394,0.055511,p1229
1.0353,1.1476,50787,0.08869,p1230
0.98854,1.1376,13236,0.034062,p1231
1.0729,1.0222,27249,0.084725,p1232
1.065,1.0344,2561.3,0.070731,p1233
0.95769,1.0287,21105,0.072696,p1234
1.047,1.1629,66167,0.047575,p1235
0.94336,0.92097,18375,0.065634,p1236
1.1183,1.0158,9223.6,0.066125,p1237
1.1041,1.1217,64490,0.016428,p1238
1.1757,0.8544,19803,0.0028908,p1239
0.91367,0.89142,40743,0.046028,p1240
0.96669,0.89924,62601,0.062281,p1241
0.87172,0.92986,36649,0.099803,p1242
1.1935,1.1429,24088,0.037369,p1243
1.0744,0.81725,35014,0.079102,p1244
0.81419,0.91523,45712,0.083104,p1245
0.9263,0.8088,57323,0.079564,p1246
0.83147,1.1007,16690,0.031957,p1247
1.0159,1.0269,27002,0.081256,p1248
1.0893,0.82353,33126,0.088554,p1249
0.9293,0.97905,37552,0.073298,p1250
0.94875,0.86743,7087.6,0.0078254,p1251
1.1422,1.1926,60213,0.0056282,p1252
1.1735,0.82571,23896,0.0028339,p1253
1.0071,1.1536,53748,0.084042,p1254
1.1709,0.87972,59838,0.038049,p1255
1.1352,0.95838,4571.9,0.083183,p1256
1.1738,0.81008,61818,0.0038722,p1257
1.1677,0.9124,12098,0.030754,p1258
1.087,1.0716,14529,0.059772,p1259
1.1992,1.1762,19874,0.029731,p1260
1.1374,1.044,2810.8,0.025227,p1261
1.0325,0.87424,36089,0.017471,p1262
0.86261,1.1902,41772,0.072582,p1263
0.80343,0.88849,61520,0.026077,p1264
0.93266,1.05,26127,0.0016658,p1265
0.99491,0.82942,42544,0.087627,p1266
1.0608,1.1252,68177,0.03626,p1267
0.89759,0.83536,31007,0.018062,p1268
0.97414,1.013,37620,0.066288,p1269
1.1076,1.1068,49252,0.073381,p1270
0.88049,0.95201,59067,0.02112,p1271
0.87141,1.0508,48275,0.03297,p1272
0.83871,1.017,37352,0.034139,p1273
0.95592,1.0492,45481,0.072942,p1274
0.87781,1.0977,58726,0.012741,p1275
0.98939,0.80649,14246,0.041457,p1276
0.94069,0.91814,53755,0.064089,p1277
1.0124,1.0996,62165,0.046339,p1278
1.1227,0.86122,29115,0.090097,p1279
1.0779,1.015,18618,0.001557,p1280
0.9049,1.052,67657,0.0051489,p1281
0.8945,0.80754,58315,0.04736,p1282
1.0023,1.015,16398,0.025417,p1283
0.85988,1.0321,19273,0.064924,p1284
1.0448,0.86508,26359,0.06704,p1285
1.0869,1.1186,28788,0.089623,p1286
1.1814,0.95115,4618.1,0.074854,p1287
1.116,0.80904,15448,0.078524,p1288
1.0254,0.80286,66572,0.065297,p1289
1.0827,0.94413,4494.1,0.057412,p1290
0.92546,1.1093,13059,0.07245,p1291
1.0861,0.94803,743.11,0.027094,p1292
1.165,1.1158,68133,0.016952,p1293
0.85282,1.0659,33470,0.0016081,p1294
1.037,0.92452,51991,0.056618,p1295
1.0174,0.90251,66381,0.046599,p1296
0.92723,1.101,15613,0.098286,p1297
1.0494,1.0182,71181,0.046719,p1298
0.98774,1.1352,7490.7,0.059181,p1299
0.92832,0.84068,28471,0.079906,p1300
0.9073,1.0526,34978,0.0090921,p1301
1.1234,0.84602,24392,0.023656,p1302
1.0619,1.0235,11156,0.0044252,p1303
1.0396,1.0102,69266,0.0044807,p1304
1.001,0.95842,33828,0.061504,p1305
0.98581,0.91651,9234.8,0.011362,p1306
1.0597,0.99546,31544,0.024795,p1307
0.9015,0.93287,16503,0.0049387,p1308
1.0189,1.1201,43456,0.016563,p1309
0.9382,1.1723,48792,0.010106,p1310
0.98116,1.0622,74257,0.063259,p1311
0.80502,0.93372,43018,0.034529,p1312
1.0115,0.91883,39872,0.019944,p1313
1.1784,0.98106,18633,0.059443,p1314
0.94086,1.1801,62294,0.048393,p1315
0.9324,0.99461,4474.5,0.02743,p1316
1.1685,0.90935,48902,0.013942,p1317
0.92957,0.93191,23432,0.0050003,p1318
0.96121,1.0872,39529,0.060245,p1319
1.0034,1.1579,55878,0.002618,p1320
1.1879,1.1111,7586,0.04284,p1321
0.86458,1.1482,52527,0.042538,p1322
0.91219,0.81847,34065,0.090313,p1323
0.98043,1.0553,18928,0.055693,p1324
1.099,0.87997,61181,0.091435,p1325
0.80931,1.0884,56734,0.0027946,p1326
1.0137,0.91447,14051,0.054006,p1327
0.92174,0.82184,19078,0.0076744,p1328
0.96821,0.85469,17291,0.0383,p1329
1.0919,0.99293,23984,0.026375,p1330
0.80447,1.1806,12381,0.06474,p1331
1.0046,1.077,56415,0.083956,p1332
1.0052,1.1579,37745,0.066175,p1333
1.0499,0.8548,48771,0.058922,p1334
0.92716,0.9077,57777,0.098014,p1335
0.96337,1.1849,33615,0.065536,p1336
0.92683,1.0729,25984,0.049758,p1337
0.91082,0.98153,22034,0.056521,p1338
1.1457,1.0305,20062,0.069058,p1339
0.90602,1.1525,27848,0.066598,p1340
0.82811,0.93456,21159,0.056091,p1341
0.80178,1.1694,8976.7,0.011241,p1342
0.86799,1.1401,5470.6,0.035579,p1343
0.8776,0.93498,5518.7,0.060162,p1344
0.88978,1.0027,37429,0.080456,p1345
1.1953,1.0245,31296,0.085428,p1346
0.97502,0.95121,38394,0.058766,p1347
0.84006,0.89996,12798,0.055204,p1348
0.8445,0.86849,26799,0.098074,p1349
0.82642,0.86521,56510,0.07798,p1350
1.041,0.88931,66306,0.092425,p1351
0.93159,0.84113,55157,0.039194,p1352
1.0833,1.0391,63358,0.078269,p1353
1.059,1.1496,42888,0.036576,p1354
1.0308,1.1554,73340,0.058832,p1355
1.1265,0.83235,9112.1,0.061283,p1356
0.97779,1.1077,42610,0.07475,p1357
1.0219,1.061,66389,0.0030597,p1358
0.85952,0.91916,6846.7,0.0082786,p1359
1.0981,1.092,9425.6,0.028001,p1360
0.9595,0.85731,62822,0.069189,p1361
1.0606,0.85882,53374,0.066342,p1362
1.1703,1.1648,2948.9,0.035839,p1363
0.9252,0.98457,51460,0.032632,p1364
1.1291,0.879,2898.5,0.030849,p1365
1.0112,1.1334,36699,0.019096,p1366
1.1896,1.14,16246,0.068359,p1367
0.95377,1.1729,33889,0.074507,p1368
1.0141,1.1785,8722.4,0.050842,p1369
1.0261,1.0686,11726,0.0064474,p1370
0.89656,1.1407,43836,0.093678,p1371
0.8539,0.96771,28050,0.065896,p1372
0.85218,1.0114,29084,0.064615,p1373
1.0823,1.1061,1674.4,0.0088059,p1374
0.91796,1.1246,69320,0.031408,p1375
1.1006,0.9321,46274,0.010204,p1376
0.86114,0.93588,9827.3,0.025844,p1377
1.116,0.83357,19502,0.063996,p1378
1.0154,1.1237,59786,0.059252,p1379
1.0531,1.0499,56368,0.045768,p1380
1.0322,0.85787,74492,0.081175,p1381
0.81031,1.0056,51764,0.094182,p1382
1.1845,0.96092,16468,0.00076694,p1383
1.0015,1.1964,29835,0.025327,p1384
1.1941,0.86131,1111.3,0.047466,p1385
0.9344,0.84784,10316,0.023422,p1386
1.1014,0.96398,15893,0.09498,p1387
1.0837,0.97038,52629,0.025784,p1388
0.951,0.81097,55671,0.085562,p1389
0.94393,1.0396,67778,0.070997,p1390
1.115,0.97754,14406,0.056426,p1391
1.1487,1.1121,12193,0.022654,p1392
1.1169,0.87814,6595.5,0.013013,p1393
1.0056,0.80265,66601,0.038408,p1394
1.0997,1.0139,34517,0.01345,p1395
1.1071,1.1521,19287,0.094802,p1396
1.0392,0.87612,25635,0.027402,p1397
1.1734,1.0643,26252,0.057936,p1398
0.89485,1.1703,37458,0.067394,p1399
1.191,1.0533,63449,0.043239,p1400
1.159,1.0274,57593,0.061331,p1401
1.0858,0.97357,59693,0.074357,p1402
1.1235,0.98442,5614.4,0.047808,p1403
1.1583,0.87305,68473,0.033667,p1404
1.1781,1.1174,72334,0.019799,p1405
1.005,0.98623,39802,0.062578,p1406
0.9244,1.0443,63559,0.016927,p1407
1.0403,1.0032,41795,0.0013203,p1408
1.1706,0.973,21949,0.05496,p1409
1.178,1.1484,62318,0.033786,p1410
0.82176,0.87016,27273,0.096802,p1411
0.98479,0.82211,54437,0.085041,p1412
0.84828,1.1506,72438,0.013071,p1413
1.1722,0.94668,51042,0.0011064,p1414
1.0278,0.88321,66996,0.04509,p1415
1.0259,1.0986,12826,0.07613,p1416
1.195,0.80702,32668,0.098474,p1417
1.122,0.93728,48808,0.033386,p1418
1.0572,1.0232,1230,0.090025,p1419
0.87215,1.0789,30985,0.045325,p1420
1.1333,0.97163,41596,0.058425,p1421
0.90649,0.91341,33220,0.026237,p1422
1.0537,0.85232,2726.3,0.041534,p1423
1.1718,0.97119,6785.2,0.038234,p1424
0.885,0.92226,74043,0.097079,p1425
1.0451,0.97599,42041,0.0066738,p1426
0.9129,1.0738,57023,0.099993,p1427
0.86293,0.96413,2641.3,0.099074,p1428
1.1974,1.0494,65590,0.053244,p1429
0.82021,1.1825,2301.3,0.042625,p1430
0.894,0.84614,27209,0.037646,p1431
0.98743,1.0063,28560,0.057824,p1432
0.93905,0.81973,68319,0.067716,p1433
0.83047,0.96329,54686,0.073097,p1434
1.0412,0.91016,40548,0.085397,p1435
0.85182,0.96023,7207.9,0.090121,p1436
1.0574,1.0302,60220,0.089855,p1437
1.054,0.96871,20996,0.058952,p1438
1.0745,0.87546,6240.8,0.079034,p1439
0.83015,0.86066,68834,0.091445,p1440
1.1113,1.0281,29271,0.042958,p1441
0.88663,0.91577,40780,0.063425,p1442
0.93123,1.1408,24769,0.023485,p1443
1.1802,1.0167,15664,0.084397,p1444
0.83735,1.061,61740,0.06927,p1445
1.107,0.84828,66096,0.041025,p1446
0.87314,1.1604,19450,0.080902,p1447
0.98689,0.83026,6411.1,0.06814,p1448
0.87336,1.0636,32645,0.0067108,p1449
1.1501,1.1307,47834,0.039869,p1450
1.0834,0.96946,65125,0.00014454,p1451
1.0587,1.1544,53484,0.052588,p1452
0.81914,1.1877,8533,0.083476,p1453
0.8027,1.1387,11219,0.09371,p1454
0.85581,1.0422,42271,0.030077,p1455
1.0208,0.84369,59220,0.0046167,p1456
1.1917,1.1028,9120.9,0.082525,p1457
0.98263,0.93089,28250,0.075218,p1458
1.0251,1.1342,30218,0.013799,p1459
0.84675,1.1598,30690,0.044298,p1460
1.0707,0.93564,57888,0.016236,p1461
0.97647,0.81324,72705,0.048975,p1462
0.86654,0.83161,44105,0.09468,p1463
1.1601,1.0143,71343,0.018571,p1464
0.88548,1.1978,41896,0.038119,p1465
0.9607,1.0694,26555,0.026506,p1466
1.058,1.0817,10153,0.062337,p1467
0.83879,0.87051,19047,0.018159,p1468
1.0609,1.118,13539,0.00066151,p1469
1.1822,0.81354,41407,0.0041411,p1470
1.1796,0.92358,51949,0.06392,p1471
1.1632,1.0625,69507,0.012051,p1472
0.98328,1.1468,59250,0.054265,p1473
1.025,1.1562,43649,0.058669,p1474
1.1015,0.87446,38629,0.061113,p1475
1.1174,0.91688,2130.9,0.054173,p1476
0.82589,0.84298,44764,0.03223,p1477
0.89581,0.81544,41563,0.096493,p1478
0.84521,1.1617,46912,0.050194,p1479
0.84433,0.99158,66133,0.043579,p1480
1.1177,0.85514,64901,0.012908,p1481
0.96555,1.1362,59904,0.035161,p1482
0.88843,0.81397,8870.5,0.063167,p1483
0.91377,1.156,27542,0.068628,p1484
0.86997,0.89497,29483,0.099223,p1485
0.84023,0.89619,69764,0.026647,p1486
1.0623,1.1593,64342,0.026191,p1487
0.89525,0.81339,74667,0.076245,p1488
1.1133,1.1613,52899,0.086497,p1489
1.109,0.84838,17041,0.051279,p1490
1.0235,0.87028,69528,0.023776,p1491
1.1222,1.1114,74219,0.060017,p1492
0.86889,0.97417,53558,0.0012854,p1493
0.85161,1.1912,34941,0.011432,p1494
0.83326,1.0142,31211,0.07611,p1495
0.89618,0.80454,37173,0.018127,p1496
0.89708,0.82809,49783,0.037948,p1497
1.1472,1.1985,15072,0.028252,p1498
0.9046,1.0152,58364,0.063316,p1499
1.177,0.92526,973.44,0.03899,p1500
1.0437,1.1315,3354,0.08718,p1501
1.0324,0.93746,73766,0.00083531,p1502
0.96464,1.0907,27413,0.05105,p1503
1.0832,0.8112,64113,0.069446,p1504
1.0119,1.1879,43591,0.040955,p1505
1.1469,1.1049,61434,0.056855,p1506
0.92802,1.072,5426,0.027574,p1507
1.0756,0.9257,11991,0.015046,p1508
0.815,0.97848,69926,0.054397,p1509
1.0715,0.96507,67393,0.003985,p1510
0.95757,1.055,25247,0.028201,p1511
1.0557,1.1221,68267,0.056899,p1512
1.1981,0.83,47191,0.070236,p1513
1.0672,0.90084,31666,0.089062,p1514
1.0201,0.85898,74842,0.04719,p1515
1.1684,1.0839,35811,0.039517,p1516
1.1819,1.0988,26763,0.0080267,p1517
0.99944,0.80046,6064.8,0.0089678,p1518
0.88366,0.8916,70751,0.080519,p1519
1.1847,1.0184,30194,0.017637,p1520
0.96522,0.80858,39685,0.02585,p1521
1.158,1.0357,47749,0.01892,p1522
0.8795,0.90651,27910,0.020165,p1523
1.0044,0.95691,17024,0.032399,p1524
1.0643,1.1255,11291,0.06384,p1525
0.96416,0.8844,18247,0.08716,p1526
0.95524,0.81167,64731,0.0057415,p1527
0.8987,0.97055,29684,0.080424,p1528
0.9532,0.88483,70569,0.098253,p1529
1.1773,0.82891,10424,0.014424,p1530
1.0717,0.87759,31250,0.040401,p1531
0.87658,1.0664,57099,0.086357,p1532
0.99775,1.0876,9599,0.030638,p1533
0.94897,1.1585,68069,0.023073,p1534
0.82487,1.0887,74085,0.051392,p1535
0.98291,1.0783,59106,0.093613,p1536
1.1467,1.1772,27992,0.079043,p1537
1.1114,0.98118,54498,0.039787,p1538
1.1245,0.84906,18840,0.0028693,p1539
0.99456,0.92087,15085,0.034225,p1540
1.046,1.1682,31036,0.062098,p1541
1.0281,1.057,65523,0.047805,p1542
1.1324,1.0812,2771.3,0.009913,p1543
1.1521,1.1003,66551,0.043685,p1544
1.1329,0.88739,19855,0.063243,p1545
0.93642,1.067,8742.7,0.085047,p1546
1.1414,0.88462,32538,0.030588,p1547
1.1349,1.1499,73814,0.039897,p1548
1.1477,1.0186,55629,0.039482,p1549
1.0333,1.1841,45540,0.041845,p1550
0.82287,1.1639,14771,0.042885,p1551
0.86179,0.82264,10024,0.054983,p1552
0.86439,0.97193,14141,0.059599,p1553
1.0777,0.99973,60591,0.04809,p1554
1.1616,0.80214,18104,0.032553,p1555
0.83191,0.89553,1530,0.091093,p1556
0.85143,1.0432,47042,0.050711,p1557
0.87619,0.90178,21538,0.066819,p1558
0.83621,0.8454,4797,0.059381,p1559
0.93777,0.8476,21025,0.087089,p1560
1.1531,1.1503,64709,0.049705,p1561
0.8727,1.1462,26336,0.054071,p1562
0.87871,1.1169,23391,0.0047173,p1563
0.93183,0.80609,21044,0.014171,p1564
1.0037,0.93243,47925,0.040336,p1565
1.143,1.0982,47532,0.066974,p1566
1.1591,0.94425,37885,0.012109,p1567
1.07,1.1005,47498,0.0606,p1568
0.84766,1.1285,40191,0.096188,p1569
1.1614,0.99245,72595,0.059683,p1570
0.93078,0.90204,57293,0.062664,p1571
1.0245,0.83221,71023,0.068991,p1572
0.83459,1.0212,1412.6,0.071661,p1573
0.88321,1.1264,62683,0.069422,p1574
1.0524,1.1193,8365.8,0.042665,p1575
0.8353,0.85774,63134,0.076297,p1576
1.1106,1.135,27513,0.067116,p1577
0.92827,1.0968,31713,0.0052002,p1578
1.1286,1.0917,44939,0.063716,p1579
1.1027,0.95797,9279.8,0.074303,p1580
0.88385,0.99785,18975,0.030133,p1581
0.96997,1.0072,29924,0.051217,p1582
1.1798,1.1351,67795,0.052429,p1583
0.85598,0.98355,29767,0.077188,p1584
1.0543,1.1103,72648,0.05568,p1585
0.89726,1.1276,29522,0.056051,p1586
0.94624,1.0491,49439,0.033021,p1587
0.82011,0.85255,17609,0.0045037,p1588
0.95619,1.1952,9877,0.081678,p1589
1.1604,1.1009,59434,0.070421,p1590
1.0102,1.1635,73961,0.0082426,p1591
1.1639,1.1668,74312,0.067215,p1592
0.8085,0.9278,70732,0.035874,p1593
1.097,0.9493,16422,0.0087048,p1594
1.0647,1.1294,28376,0.03634,p1595
0.80123,1.1359,58850,0.044282,p1596
0.8241,0.97327,38801,0.0048795,p1597
0.97824,1.0848,39652,0.042911,p1598
1.0399,0.95355,46202,0.09043,p1599
1.0179,0.88278,2384.5,0.0026993,p1600
1.1514,1.1382,60341,0.062169,p1601
1.0775,0.99524,7891.7,0.0031461,p1602
1.1924,0.86921,23201,0.015133,p1603
1.0007,1.0803,2018.9,0.076225,p1604
1.0567,1.0361,48855,0.040463,p1605
1.1569,1.1358,30311,0.081319,p1606
1.1958,1.1892,18794,0.097555,p1607
0.94828,1.106,28017,0.098218,p1608
1.1275,1.0183,6577.1,0.019904,p1609
0.83681,1.1397,36257,0.091231,p1610
1.1547,1.1971,59396,0.0045565,p1611
0.98055,1.198,62045,0.019347,p1612
1.0636,1.1192,51752,0.077935,p1613
0.91985,0.86689,26303,0.087597,p1614
1.1397,0.86181,10489,0.0083606,p1615
0.97768,1.0824,52187,0.068765,p1616
1.1537,1.1717,1034,0.098682,p1617
1.135,0.99614,13042,0.020475,p1618
1.1919,1.0889,7447.7,0.024967,p1619
0.89779,0.86445,41084,0.043413,p1620
0.98671,1.0459,73595,0.088924,p1621
1.1553,1.1367,51030,0.071505,p1622
1.0394,0.99216,4137.8,0.022212,p1623
0.85528,0.86319,60988,0.076804,p1624
1.0005,0.90674,33380,0.0061065,p1625
1.0683,0.92251,6118,0.0073142,p1626
1.1396,1.0995,64955,0.037724,p1627
0.89798,0.8271,62101,0.015094,p1628
1.0223,0.87793,25432,0.075724,p1629
1.0995,1.1882,3367.3,0.099195,p1630
1.0515,0.91285,11171,0.0050333,p1631
1.1922,1.0952,59882,0.070555,p1632
0.8424,1.1949,52444,0.078138,p1633
1.1945,1.1947,67686,0.031019,p1634
1.1439,0.886,32202,0.068015,p1635
0.91356,1.1721,59293,0.003657,p1636
0.87919,0.85442,22714,0.084908,p1637
0.9484,0.86735,2482.1,0.023011,p1638
0.91898,0.97006,11278,0.06416,p1639
0.80674,1.1206,55966,0.025969,p1640
1.1638,0.96682,6316.5,0.021392,p1641
0.98379,1.0755,36736,0.076352,p1642
0.98223,1.1214,51244,0.048764,p1643
0.89232,1.1577,50602,0.093731,p1644
0.96424,0.94955,5916.7,0.060693,p1645
0.99588,0.86828,44978,0.029433,p1646
0.94354,0.90164,63251,0.04074,p1647
1.0014,0.98069,15492,0.00999,p1648
1.0361,0.82387,17213,0.090866,p1649
1.0713,0.84409,37153,0.086706,p1650
0.9333,1.0875,3993.7,0.017407,p1651
0.87443,1.0398,19326,0.046224,p1652
0.88121,1.0279,59204,0.028554,p1653
0.95953,0.84281,35713,0.020725,p1654
1.1313,1.1925,35925,0.04278,p1655
1.0891,0.89115,57700,0.093244,p1656
0.95145,1.0792,30353,0.072794,p1657
0.89961,1.1812,65647,0.054561,p1658
0.86018,0.99683,7510.9,0.059139,p1659
1.0504,0.89337,64479,0.0011968,p1660
0.87818,1.0027,38309,0.097587,p1661
0.82113,0.9686,11486,0.085086,p1662
0.82785,0.83183,16907,0.046522,p1663
1.1562,0.88587,40805,0.083537,p1664
1.0113,0.9604,61408,0.081211,p1665
0.89202,0.93347,25562,0.027171,p1666
1.154,1.0627,14822,0.057671,p1667
1.016,0.90264,12353,0.00088351,p1668
1.0313,0.92902,57770,0.057717,p1669
0.96812,1.1454,61044,0.077423,p1670
0.89595,1.196,65439,0.011514,p1671
0.97394,0.94434,9585.6,0.03345,p1672
1.1541,0.90393,28147,0.025376,p1673
1.1869,0.8084,16955,0.047641,p1674
0.96137,0.81788,54023,0.060799,p1675
0.82217,1.1094,7071.1,0.06483,p1676
1.1337,0.84192,49097,0.065565,p1677
1.0506,1.1258,69579,0.049578,p1678
0.88925,0.85852,59612,0.045231,p1679
0.99079,1.1059,54583,0.084023,p1680
0.80819,1.1274,20433,0.092144,p1681
1.0303,1.065,27327,0.022697,p1682
1.0902,0.97797,3128.9,0.00051609,p1683
0.82749,1.0728,855.68,0.013106,p1684
1.13,0.90817,55095,0.079723,p1685
1.1789,1.1372,17881,0.093292,p1686
1.1743,0.92005,57812,0.087077,p1687
0.85844,0.88561,11082,0.06895,p1688
0.90101,1.0044,64245,0.019482,p1689
0.8371,1.0244,73469,0.073751,p1690
0.82916,1.162,42116,0.018811,p1691
0.9435,0.82002,33147,0.067556,p1692
1.1061,0.94894,47818,0.017595,p1693
0.92139,1.0843,50365,0.091055,p1694
0.90329,1.0725,73948,0.082184,p1695
1.0061,0.86566,32120,0.0062838,p1696
1.0525,0.87382,45414,0.049612,p1697
1.0047,0.95232,27475,0.056463,p1698
0.88023,0.88518,12040,0.035443,p1699
1.0599,0.80129,66811,0.0474,p1700
0.93894,1.1384,12063,0.015924,p1701
0.81582,0.82123,12452,0.035088,p1702
1.0976,1.0384,5156.1,0.035291,p1703
0.82711,1.082,11958,0.0060342,p1704
0.97688,1.0374,41306,0.097458,p1705
1.1285,0.95656,30089,0.064339,p1706
1.0933,1.1292,14355,0.012245,p1707
1.1459,1.1905,35880,0.005317,p1708
0.93566,1.0173,14611,0.019716,p1709
1.1229,0.88043,6720.5,0.077866,p1710
0.86486,0.82732,24958,0.075068,p1711
1.0259,0.84102,49388,0.074905,p1712
0.96619,0.83317,33437,0.070023,p1713
1.1004,1.1492,10991,0.056174,p1714
1.1673,1.0471,643.04,0.055847,p1715
0.8527,1.064,19638,0.035888,p1716
1.1164,1.0495,32925,0.030939,p1717
1.0031,0.80241,63865,0.097145,p1718
1.0155,0.8884,8547.2,0.043997,p1719
1.1539,0.91362,27135,0.074537,p1720
1.1105,0.92841,56800,0.069533,p1721
1.0528,1.0082,16204,0.06033,p1722
0.85538,1.1195,18145,0.020417,p1723
1.1048,0.93981,24508,0.048865,p1724
1.152,0.90514,22807,0.047035,p1725
0.90619,0.94738,72430,0.067254,p1726
0.94011,1.1153,5344.3,0.014363,p1727
0.844,1.0509,14111,0.041685,p1728
0.80247,1.0423,20664,0.05985,p1729
1.1653,1.0744,42921,0.081021,p1730
1.1628,0.9821,58196,0.065235,p1731
0.88875,0.84509,37487,0.0055268,p1732
0.99113,0.95283,45829,0.089434,p1733
1.1111,0.89312,52437,0.0080676,p1734
1.0728,1.1092,26656,0.0079809,p1735
1.1354,0.91749,22913,0.014729,p1736
0.80708,1.1928,1204.6,0.0085743,p1737
0.96604,1.185,23962,0.032327,p1738
0.91538,0.97203,44819,0.069498,p1739
0.97655,0.90213,50653,0.067362,p1740
0.86913,1.0275,36350,0.036826,p1741
0.93256,1.074,29952,0.072889,p1742
1.003,0.90053,49139,0.07739,p1743
0.86514,1.0006,69548,0.084323,p1744
1.043,1.0329,9314.2,0.040139,p1745
0.91117,1.1584,27301,0.055643,p1746
0.99042,0.95557,25199,0.066654,p1747
0.85627,0.99582,20961,0.066121,p1748
1.1416,0.97457,8809.3,0.033122,p1749
1.0632,1.1756,12128,0.031876,p1750
0.89048,1.0957,37526,0.080577,p1751
1.0662,1.0286,70915,0.039756,p1752
1.0944,1.0692,20680,0.041276,p1753
0.8574,1.0002,72555,0.096751,p1754
0.96491,0.94249,46361,0.094012,p1755
0.93956,0.95923,56164,0.076004,p1756
1.137,1.1104,16939,0.096542,p1757
1.0629,1.1846,43185,0.023537,p1758
1.1697,1.1983,13651,0.048418,p1759
1.0132,1.1488,6631.4,0.022481,p1760
0.9599,0.90981,38230,0.084605,p1761
1.0098,0.90024,24979,0.017271,p1762
1.1377,1.0802,5119.8,0.045159,p1763
1.0509,1.1423,9998.1,0.0697,p1764
1.0772,1.0765,5243.2,0.032865,p1765
0.8146,1.1623,45808,0.049865,p1766
1.0917,1.1775,62718,0.058576,p1767
0.81702,0.85312,21666,0.036053,p1768
1.1245,1.1418,50522,0.088461,p1769
0.88065,1.153,42727,0.08653,p1770
1.1021,0.81221,16681,0.050854,p1771
0.83333,0.80545,11422,0.018421,p1772
1.1491,1.1087,42099,0.098563,p1773
1.1456,0.8865,22748,0.07888,p1774
1.1837,0.97988,32447,0.066447,p1775
1.1,1.0291,41949,0.082956,p1776
0.90165,0.80774,52042,0.0074781,p1777
1.173,1.1713,20130,0.034407,p1778
0.97307,1.0335,35073,0.021948,p1779
0.90024,0.82312,42205,0.08415,p1780
0.99678,1.1303,37677,0.066945,p1781
1.124,1.0522,65902,0.039114,p1782
1.0627,0.85864,22531,0.075338,p1783
0.98001,1.1249,10102,0.096597,p1784
0.95354,0.90008,60449,0.059225,p1785
1.1306,1.1212,27788,0.0055666,p1786
1.0959,1.0894,48598,0.021297,p1787
0.84541,1.1815,5639.7,0.051865,p1788
0.83825,1.042,45622,0.086217,p1789
1.0042,0.93004,58929,0.0024089,p1790
1.1907,1.0623,20292,0.033511,p1791
1.0807,0.98239,54150,0.034018,p1792
1.0821,1.0394,58097,0.045196,p1793
1.0675,1.1749,26058,0.0040618,p1794
0.98233,0.98951,72127,0.099907,p1795
1.1175,1.0816,20108,0.088111,p1796
0.80224,1.0135,23458,0.038869,p1797
0.82424,0.89856,2259.3,0.061809,p1798
0.94429,1.0068,73392,0.029197,p1799
1.0026,0.9715,23023,0.010556,p1800
1.1012,0.83365,46078,0.084174,p1801
0.88961,1.0575,69665,0.091785,p1802
0.88158,0.96167,31818,0.014458,p1803
0.99725,1.1228,46407,0.019816,p1804
0.93015,0.95626,35297,0.090806,p1805
1.1134,0.88637,2551.2,0.049922,p1806
1.1201,1.0004,11693,0.045412,p1807
0.85213,0.96918,67512,0.074578,p1808
0.92666,0.81568,36076,0.041762,p1809
0.81625,0.84928,4906.2,0.0095073,p1810
0.82947,1.1371,65250,0.099732,p1811
0.9529,1.1402,6796.8,0.026298,p1812
1.0885,1.0671,47162,0.011319,p1813
0.95195,1.0577,66753,0.05791,p1814
0.82823,0.90286,74853,0.059911,p1815
1.1299,0.80482,16051,0.081456,p1816
1.1698,0.85569,42673,0.040424,p1817
1.0463,1.1393,53163,0.075399,p1818
1.1512,0.91148,51087,0.021494,p1819
1.0348,1.1697,46242,0.0085514,p1820
1.0288,0.89686,15768,0.054777,p1821
0.89117,1.0868,7965,0.011853,p1822
1.1566,1.0127,54183,0.071281,p1823
1.0844,0.91903,24186,0.038137,p1824
0.92031,0.80958,13313,0.061751,p1825
1.0767,0.99229,61166,0.047876,p1826
0.82906,0.96425,49654,0.056401,p1827
0.91648,0.85826,9624,0.09642,p1828
1.1064,0.8117,72313,0.017904,p1829
0.83211,0.93958,65033,0.084928,p1830
1.0108,1.0178,28847,0.034805,p1831
0.91236,0.88759,6484.2,0.019428,p1832
1.0292,1.0345,6261.9,0.058485,p1833
0.92273,0.83502,55235,0.0098451,p1834
1.1961,1.0798,63274,0.092234,p1835
0.91258,0.89203,72365,0.057601,p1836
1.0085,1.0961,43716,0.048498,p1837
1.0669,1.0558,48530,0.015757,p1838
1.079,0.81458,15015,0.0081494,p1839
1.015,1.0346,36198,0.082404,p1840
1.0274,0.81438,58488,0.031071,p1841
1.1462,1.117,17590,0.01497,p1842
0.97245,1.1868,21612,0.039649,p1843
0.99691,1.0486,12927,0.03042,p1844
0.85566,1.1029,55815,0.090931,p1845
0.84553,1.1573,59462,0.0034307,p1846
0.90083,0.87225,29812,0.052508,p1847
0.94513,1.0103,27675,0.046888,p1848
0.82893,0.8163,60649,0.098188,p1849
1.1242,1.1424,663.34,0.036745,p1850
0.84601,0.95821,3828,0.058041,p1851
0.81753,0.93813,50166,0.028852,p1852
0.9746,1.0603,67921,0.014797,p1853
1.1419,0.90919,74938,0.044764,p1854
1.0317,1.1452,4940.9,0.045462,p1855
1.0749,0.91616,73236,0.095946,p1856
0.82248,0.80179,59158,0.069772,p1857
1.0856,1.1769,5594.3,0.060962,p1858
0.94372,0.92157,52759,0.039153,p1859
0.89681,1.0806,73290,0.064679,p1860
1.1771,1.0991,63793,0.072968,p1861
1.1984,1.0196,61636,0.0026789,p1862
1.0827,0.96566,74788,0.071564,p1863
0.82371,1.1936,34344,0.040211,p1864
1.0314,0.86676,11788,0.036965,p1865
0.89564,1.1969,25705,0.085212,p1866
1.1078,1.0535,71384,0.067491,p1867
1.1526,1.0036,67041,0.094149,p1868
1.1332,1.0807,67269,0.0915,p1869
1.1852,0.83857,42776,0.024637,p1870
0.8194,0.81243,46430,0.043276,p1871
1.1524,1.0538,53852,0.079847,p1872
1.0338,0.90326,62074,0.088409,p1873
1.1549,1.0826,64294,0.018017,p1874
0.88887,0.99499,37784,0.057448,p1875
1.126,0.88867,72144,0.051001,p1876
0.80074,1.0656,3243.5,0.012021,p1877
1.0711,1.031,69441,0.024909,p1878
0.87415,1.1485,61853,0.018352,p1879
0.91787,0.88082,10753,0.088201,p1880
0.97551,0.85968,39350,0.063476,p1881
0.97168,1.0545,36132,0.028621,p1882
0.96948,0.89292,11597,0.028109,p1883
0.90805,0.8297,24699,0.036724,p1884
0.92093,1.146,45259,0.077444,p1885
1.1567,0.88784,32071,0.080606,p1886
1.0634,0.86456,26684,0.053627,p1887
1.121,0.85047,43297,0.077072,p1888
0.82268,0.96369,37363,0.041368,p1889
1.1792,0.95469,14698,0.094579,p1890
0.98732,0.96767,21136,0.072227,p1891
1.1283,1.0618,21501,0.050908,p1892
0.917,1.0387,30115,0.082331,p1893
0.87985,0.85139,13756,0.038532,p1894
0.84739,0.83468,73253,0.051185,p1895
0.81315,1.0939,66068,0.043688,p1896
1.0542,0.85128,57743,0.087888,p1897
1.0517,0.87316,39434,0.0714,p1898
0.82395,0.84669,66722,0.01175,p1899
1.0195,0.9868,72758,0.095764,p1900
0.96052,0.96203,8912.4,0.054128,p1901
1.1795,0.83734,73740,0.071897,p1902
0.84476,0.83847,22186,0.01876,p1903
1.1679,0.90406,67284,0.096678,p1904
1.1033,1.139,4118.6,0.045371,p1905
1.0332,0.97667,64391,0.005362,p1906
0.82297,0.99558,61564,0.099925,p1907
0.81433,0.86909,20728,0.017184,p1908
0.97903,0.9492,63522,0.028038,p1909
1.1724,0.93224,23209,0.095397,p1910
1.0305,0.89764,47202,0.0014559,p1911
0.91654,1.189,51856,0.00374,p1912
1.0552,1.0645,67882,0.079692,p1913
1.1302,1.156,74503,0.032746,p1914
0.969,1.0836,67194,0.039059,p1915
0.86374,1.098,56344,0.019067,p1916
1.1213,1.075,5662.9,0.03437,p1917
0.95814,1.0695,34193,0.069307,p1918
0.97729,0.89808,44562,0.084987,p1919
1.0771,1.1903,55792,0.059012,p1920
1.1058,0.87129,74809,0.022297,p1921
1.105,0.84325,37714,0.093469,p1922
1.0939,0.8519,3790.1,0.032912,p1923
1.1642,0.9615,48004,0.072554,p1924
0.87224,0.97132,3308.9,0.099708,p1925
1.101,1.1858,34668,0.011457,p1926
1.1279,1.1942,53039,0.031542,p1927
0.89293,1.1043,44273,0.071718,p1928
1.1148,0.87714,68396,0.010737,p1929
1.0365,0.94903,21565,0.019751,p1930
1.0604,0.86602,29147,0.056801,p1931
1.0032,0.92825,17499,0.065697,p1932
1.1314,0.96073,48552,0.054856,p1933
0.87358,1.1311,1143.5,0.0065128,p1934
0.99712,1.1333,51921,0.099789,p1935
0.81969,0.88429,67104,0.099127,p1936
1.0405,0.92038,46823,0.027354,p1937
1.1587,0.81763,25168,0.088174,p1938
0.83434,1.1176,8589.2,0.087537,p1939
0.95264,0.90434,21818,0.035458,p1940
1.0126,1.0177,35052,0.038648,p1941
0.90988,1.1515,69378,0.057228,p1942
1.0247,1.0633,68168,0.088352,p1943
1.172,1.173,54724,0.068478,p1944
0.85802,1.0249,46592,0.053383,p1945
0.81198,1.1906,4644.2,0.013726,p1946
0.9104,0.80825,43562,0.01333,p1947
0.97009,1.1795,5007.2,0.08603,p1948
0.81723,1.0039,64075,0.044238,p1949
1.1166,0.94111,26919,0.050307,p1950
0.8074,0.86241,35585,0.043904,p1951
0.83404,1.0197,65994,0.030105,p1952
1.0203,0.91088,25914,0.063543,p1953
1.0239,0.85394,7005,0.036619,p1954
0.80096,1.1267,24122,0.082055,p1955
0.94773,0.87285,48189,0.04867,p1956
0.99646,0.95269,34534,0.0079105,p1957
1.061,1.0416,31384,0.012315,p1958
1.1588,1.1889,74347,0.085837,p1959
0.98082,1.0091,68009,0.089135,p1960
1.1599,1.1474,40915,0.09021,p1961
1.0579,0.85236,5749.8,0.043859,p1962
0.86586,1.1601,56466,0.065406,p1963
0.95362,0.95896,23512,0.05447,p1964
0.95981,1.025,4263.4,0.074101,p1965
1.0548,1.1804,38573,0.058124,p1966
0.80391,1.1147,24340,0.086882,p1967
0.84185,0.86971,54878,0.0010768,p1968
0.92772,0.88353,69279,0.088597,p1969
0.84699,0.82643,12697,0.074839,p1970
0.80657,1.0841,59672,0.039237,p1971
1.1807,0.80504,26034,0.010074,p1972
1.0001,0.94083,1304,0.042203,p1973
1.0588,0.98286,45885,0.038478,p1974
1.0906,1.1999,70506,0.023725,p1975
0.88599,1.1626,9657.8,0.050471,p1976
0.86072,0.94174,14234,0.095093,p1977
1.0075,0.99616,11919,0.06289,p1978
1.1904,0.81693,5107.9,0.093844,p1979
0.81839,1.1753,27970,0.094071,p1980
0.81277,0.94642,47440,0.082154,p1981
0.9335,1.1834,57390,0.031681,p1982
0.83071,0.84467,61905,0.098521,p1983
1.1482,1.0119,23804,0.06983,p1984
0.83441,0.84589,9346,0.014042,p1985
1.1597,1.1856,26152,0.02314,p1986
0.86385,1.1818,60147,0.080359,p1987
0.8777,1.0912,43937,0.067849,p1988
0.95549,0.95412,64764,0.048057,p1989
0.90467,1.052,41032,0.08257,p1990
1.0865,1.0428,39480,0.097601,p1991
1.1408,0.98767,32311,0.019546,p1992
0.82224,1.104,56176,0.067472,p1993
1.2,0.98084,48239,0.021274,p1994
0.92208,1.1241,69997,0.044668,p1995
1.1517,0.87463,66350,0.0018365,p1996
1.0266,0.82854,27687,0.025943,p1997
0.89729,1.0398,71857,0.029539,p1998
0.93725,1.0635,29860,0.076693,p1999
0.92118,0.87526,55488,0.062293,p2000
0.99909,0.90361,41509,0.097366,p2001
0.9601,0.85701,24799,0.0079633,p2002
1.0814,1.1,60302,0.037475,p2003
0.9744,0.88708,62366,0.08469,p2004
1.0392,0.96624,31613,0.02948,p2005
0.86099,1.1209,882.46,0.024383,p2006
1.1248,1.0543,46635,0.019875,p2007
1.1558,0.95398,67480,0.0069492,p2008
0.85495,0.81595,65823,0.070285,p2009
1.1875,0.89238,40392,0.040996,p2010
0.97667,1.199,14377,0.051421,p2011
0.9068,0.82869,28230,0.020555,p2012
1.052,0.89072,22781,0.096126,p2013
0.89546,1.1954,57229,0.055537,p2014
1.0937,1.1442,63027,0.064997,p2015
0.87535,1.038,62927,0.084467,p2016
0.88422,0.93547,54228,0.056159,p2017
1.0376,0.85793,69474,0.089014,p2018
1.0958,0.89271,9151.1,0.0046682,p2019
1.1346,1.1036,10606,0.074143,p2020
1.0754,0.88533,23333,0.018648,p2021
0.87737,1.1277,65758,0.071728,p2022
0.96972,0.89184,10224,0.087878,p2023
1.0493,1.1767,57549,0.029094,p2024
1.1533,0.81739,60313,0.020046,p2025
1.1085,1.132,62508,0.04241,p2026
0.96211,1.1144,73047,0.060379,p2027
0.87685,1.0847,18515,0.02829,p2028
1.1192,1.1796,6927.9,0.023315,p2029
0.81868,1.0954,62472,0.0089738,p2030
1.0977,1.0252,44169,0.099248,p2031
1.035,1.0176,49745,0.01781,p2032
1.1155,1.1145,25319,0.016876,p2033
0.98079,1.1444,28694,0.073661,p2034
0.83237,1.0436,63729,0.045695,p2035
1.1231,1.0512,20893,0.045595,p2036
0.83254,1.1666,45192,0.020891,p2037
1.1281,1.1325,65425,0.092767,p2038
0.9851,0.85183,31923,0.083417,p2039
0.99835,0.94779,40161,0.0097601,p2040
0.97431,0.88369,42223,0.062469,p2041
1.048,0.99145,34574,0.084232,p2042
0.833,1.0941,57512,0.094932,p2043
0.89512,1.0238,64976,0.065645,p2044
1.0741,0.83642,22360,0.027744,p2045
0.95134,1.0134,73778,0.047516,p2046
1.0222,0.94304,11544,0.042039,p2047
1.0964,1.1664,13674,0.037041,p2048
1.1593,1.1817,26385,0.011898,p2049
1.0873,0.81915,23710,0.069577,p2050
0.98461,0.93042,44283,0.071967,p2051
1.0041,1.0079,11664,0.0017692,p2052
0.92266,1.1743,32531,0.0041892,p2053
1.1127,0.91953,62627,0.011151,p2054
0.87588,1.0906,32367,0.070256,p2055
0.95416,0.88982,28926,0.085279,p2056
1.1965,1.1774,33220,0.060059,p2057
1.1971,1.0272,21921,0.094428,p2058
1.1389,0.82414,56648,0.016308,p2059
1.1877,0.85282,17148,0.068541,p2060
0.95658,0.89192,2591.6,0.09836,p2061
0.93193,1.1662,32226,0.08955,p2062
0.86196,0.89355,73430,0.014299,p2063
0.89763,1.1932,24527,0.059313,p2064
0.83384,0.99918,27145,0.011382,p2065
1.0553,0.92377,50281,0.042761,p2066
1.1188,1.0844,22626,0.02062,p2067
1.0547,1.1337,23097,0.015788,p2068
1.0926,1.0808,13836,0.086249,p2069
1.0762,1.1997,44877,0.02979,p2070
0.85912,1.1918,19596,0.065814,p2071
1.1182,1.157,68891,0.069364,p2072
0.81552,1.0734,23741,0.0013523,p2073
0.85325,0.84645,24997,0.079288,p2074
0.9342,0.97078,16632,0.078462,p2075
1.1238,0.83601,54813,0.052465,p2076
1.132,1.1976,5036.2,0.052023,p2077
1.088,0.86239,9489.4,0.016138,p2078
0.96316,1.1963,41648,0.035046,p2079
1.1035,1.0799,22147,0.096328,p2080
1.09,1.1645,71686,0.051336,p2081
0.82086,1.1852,24224,0.024411,p2082
1.0466,1.0078,7142.5,0.014137,p2083
0.94571,1.1551,33559,0.06775,p2084
1.1571,1.0059,25763,0.020351,p2085
1.0149,1.0825,73846,0.092193,p2086
1.0882,0.99749,58495,0.090897,p2087
1.0286,0.898,8829.3,0.025472,p2088
0.98421,0.99016,2229.5,0.02175,p2089
1.1892,1.0705,4418.7,0.004245,p2090
0.99181,0.92958,37217,0.085661,p2091
1.0846,1.0022,14176,0.068401,p2092
0.9183,0.89223,8769.7,0.082783,p2093
0.83222,1.1346,73492,0.055583,p2094
1.1187,0.97663,50687,0.084547,p2095
0.99191,1.0025,18399,0.065981,p2096
0.978,1.1075,37776,0.011197,p2097
0.90787,0.95058,69969,0.010586,p2098
1.0362,0.91109,60699,0.013155,p2099
0.81365,1.0427,14553,0.032037,p2100
1.145,1.092,17246,0.0089217,p2101
0.9633,0.82833,47386,0.053743,p2102
1.0645,1.0855,69193,0.074407,p2103
0.97034,0.97017,29907,0.055223,p2104
1.0622,1.0497,74123,0.026782,p2105
1.0344,1.1243,4035,0.079517,p2106
0.87724,1.1406,10482,0.010376,p2107
1.0862,0.80529,57054,0.092575,p2108
1.1452,0.93896,68783,0.043733,p2109
1.0595,1.1516,32406,0.087976,p2110
0.80976,1.0578,14273,0.0086259,p2111
0.93573,0.99259,8110.7,0.079218,p2112
1.0566,1.1692,68423,0.081537,p2113
0.99365,0.95176,15464,0.013221,p2114
0.82984,1.0587,49070,0.045529,p2115
0.95556,0.9272,46996,0.020818,p2116
1.1381,0.90495,519.25,0.080217,p2117
1.182,1.1549,16721,0.035686,p2118
1.1251,1.1633,5697.5,0.050122,p2119
1.0346,0.87962,48330,0.049668,p2120
1.1836,0.88969,7677.8,0.054508,p2121
1.1749,1.0949,40689,0.080952,p2122
0.87507,0.98797,15940,0.096788,p2123
1.0702,0.96882,7351.9,0.093064,p2124
1.1557,0.8468,2980.9,0.006139,p2125
1.0889,0.92499,32983,0.088137,p2126
0.82111,1.1159,37012,0.050275,p2127
1.1926,0.90564,14594,0.094705,p2128
1.1687,0.96533,60931,0.074648,p2129
1.0452,0.84137,42005,0.088759,p2130
1.1491,0.80598,17690,0.052908,p2131
0.95501,1.1525,44329,0.0033866,p2132
1.0371,1.1499,61334,0.043165,p2133
1.0388,0.99364,62945,0.041987,p2134
0.97319,0.82769,69055,0.099659,p2135
0.98243,0.90713,48635,0.077039,p2136
1.0806,1.0682,53819,0.034182,p2137
0.86005,0.93142,25411,0.055774,p2138
0.86283,1.0408,22519,0.063519,p2139
1.1627,1.0425,58569,0.076457,p2140
1.1055,1.0647,21637,0.002597,p2141
0.94446,0.8044,31448,0.071638,p2142
0.93649,0.89789,21357,0.0067606,p2143
0.99155,1.1316,55026,0.089596,p2144
0.93774,0.93411,33931,0.093394,p2145
0.95263,0.85606,25336,0.070373,p2146
1.1276,1.0065,35224,0.0050717,p2147
0.93974,1.1541,3221.3,0.063399,p2148
1.032,0.96048,34296,0.095632,p2149
0.80602,1.0676,25141,0.0091829,p2150
0.83006,0.87938,68972,0.023175,p2151
1.1197,0.86413,56567,0.032113,p2152
1.1665,1.0924,35524,0.00080331,p2153
1.1344,1.1086,36771,0.063796,p2154
1.0752,1.0019,59564,0.037428,p2155
0.84204,1.1054,54444,0.0056009,p2156
0.81999,0.9826,28978,0.0066309,p2157
0.90546,0.98921,26694,0.05024,p2158
0.95887,1.1971,3751,0.034261,p2159
1.0786,1.1012,68732,0.0098801,p2160
1.0123,1.1706,46330,0.067077,p2161
0.86695,1.1324,65342,0.039532,p2162
0.95504,1.1096,39848,0.054356,p2163
1.0215,1.0966,70217,0.024167,p2164
0.86933,1.0902,41472,0.048833,p2165
1.0925,1.0822,5808.1,0.042524,p2166
1.009,1.0188,17989,0.0024793,p2167
0.97569,1.0368,16598,0.023857,p2168
0.93623,1.1106,20516,0.019154,p2169
0.95459,1.1611,70325,0.090182,p2170
1.1484,1.0801,3185.7,0.0071982,p2171
0.88041,1.1433,70919,0.033926,p2172
0.80576,0.88058,33947,0.052264,p2173
0.80883,1.0678,64144,0.058247,p2174
0.85046,1.1711,70657,0.073498,p2175
1.1827,1.1099,20598,0.079999,p2176
1.0804,0.83295,4588.3,0.012872,p2177
1.1403,1.0162,21738,0.067824,p2178
1.1596,1.1378,40114,0.04412,p2179
0.88777,1.178,19145,0.071464,p2180
1.0656,1.078,53412,0.099432,p2181
0.8412,0.96268,12226,0.050439,p2182
1.0421,1.0433,36019,0.0040122,p2183
0.83781,0.90554,51121,0.095742,p2184
1.0685,1.1269,31333,0.035558,p2185
1.0381,1.1863,49796,0.0061837,p2186
1.0336,0.95599,45700,0.027561,p2187
0.80875,0.85415,22577,0.099373,p2188
0.83951,0.83379,18063,0.015326,p2189
0.91206,1.0008,24472,0.064314,p2190
0.91474,1.0595,72909,0.011265,p2191
1.1908,0.96752,66849,0.059946,p2192
1.0477,0.96364,6661.9,0.044704,p2193
1.1045,0.89667,69412,0.06214,p2194
1.0932,1.0041,57912,0.012602,p2195
0.86771,0.91044,62246,0.0048941,p2196
1.1976,1.0762,58025,0.022944,p2197
1.0922,0.89425,31851,0.087659,p2198
1.1367,1.091,28877,0.071545,p2199
0.9245,0.93018,3736.4,0.056348,p2200
1.0909,0.84435,10654,0.063104,p2201
1.0106,0.9048,65969,0.001624,p2202
0.92488,0.89055,39181,0.0363,p2203
1.1002,1.0133,33311,0.044427,p2204
0.88946,0.90838,64893,0.020804,p2205
0.90768,0.81042,36207,0.044798,p2206
0.87934,0.94696,52488,0.035713,p2207
1.0167,0.86373,45662,0.062546,p2208
1.111,1.0157,45024,0.040561,p2209
0.9891,0.82252,21290,0.010876,p2210
1.1,1.0191,29997,0.077314,p2211
1.0489,0.9221,15858,0.047714,p2212
0.8917,0.81925,32289,0.092909,p2213
0.80464,1.058,47101,0.063854,p2214
0.93522,1.1992,29318,0.029254,p2215
1.1653,1.0952,42415,0.051138,p2216
1.0061,1.1763,33186,0.060511,p2217
1.1144,0.96453,42379,0.07009,p2218
0.97996,0.80371,46058,0.098605,p2219
0.96588,0.92912,29674,0.0073985,p2220
1.0449,1.1908,46027,0.016189,p2221
1.0796,0.81417,58115,0.05946,p2222
1.0355,0.94193,14455,0.0060747,p2223
1.0668,1.0591,7603.1,0.00039314,p2224
1.1341,1.0257,42437,0.0065679,p2225
1.1383,0.98488,67968,0.046135,p2226
1.1043,1.1567,15260,0.068512,p2227
0.95057,1.0113,18443,0.089965,p2228
1.0184,1.1651,71822,0.034463,p2229
1.1603,0.90298,8463.4,0.041939,p2230
0.98531,0.84057,40894,0.07663,p2231
1.0638,0.83655,73183,0.0037721,p2232
0.93798,1.1615,58622,0.029353,p2233
1.1445,0.96809,54306,0.075577,p2234
1.0929,1.1046,24823,0.095403,p2235
0.86736,0.98413,13015,0.017115,p2236
0.99953,0.80055,63651,0.085473,p2237
1.1426,0.82557,18807,0.074923,p2238
1.1768,1.1684,60826,0.011983,p2239
0.88344,0.81078,6357.6,0.045831,p2240
1.1954,1.1944,15524,0.093906,p2241
1.1048,0.95578,20320,0.059839,p2242
0.82476,0.9206,71067,0.08778,p2243
0.85076,1.16,50101,0.082218,p2244
1.113,1.0751,63086,0.047542,p2245
0.99013,1.195,38099,0.02278,p2246
1.0049,1.0706,25665,0.034814,p2247
1.114,0.97361,43208,0.018563,p2248
0.90114,0.96983,59923,0.080845,p2249
1.1499,1.1383,70984,0.0093313,p2250
1.0193,1.153,10965,0.0062116,p2251
1.0269,0.98654,49367,0.048335,p2252
1.1947,1.0161,14319,0.0047531,p2253
0.90259,1.1216,7703.6,0.01963,p2254
0.98204,0.84738,36447,0.097669,p2255
1.0191,0.98398,1465.8,0.064082,p2256
1.1448,1.177,12740,0.035524,p2257
0.86868,1.1781,55993,0.019296,p2258
1.0095,0.91496,9687,0.042448,p2259
1.1318,0.94793,30757,0.086853,p2260
1.1104,0.92622,38214,0.0036052,p2261
0.90181,0.87739,26849,0.011076,p2262
0.89632,0.99987,24904,0.076904,p2263
0.98997,1.0923,70962,0.093583,p2264
0.89426,0.87064,20390,0.023597,p2265
0.94298,1.1676,35205,0.083695,p2266
1.0146,1.1778,4766,0.0053952,p2267
0.81443,1.045,20563,0.01156,p2268
0.83117,1.0741,16880,0.08702,p2269
0.81487,1.0282,63189,0.013579,p2270
0.97836,0.92438,55648,0.088312,p2271
0.85981,1.1513,41154,0.030377,p2272
0.81403,0.95551,14892,0.018385,p2273
1.1434,1.0786,35570,0.071837,p2274
1.0849,1.1051,34774,0.015407,p2275
0.91741,1.1211,42990,0.049189,p2276
0.99601,0.86151,49618,0.00036985,p2277
0.9898,1.053,72174,0.058357,p2278
0.99801,0.91597,72584,0.08199,p2279
1.0513,1.1354,12585,0.058163,p2280
1.169,1.0774,36927,0.036529,p2281
1.1098,0.8926,45124,0.044188,p2282
0.95113,0.97071,60506,0.092074,p2283
1.03,0.94676,39235,0.089465,p2284
1.1873,1.1365,49952,0.0020486,p2285
0.81053,0.94727,71250,0.070164,p2286
1.0497,0.81137,12610,0.01406,p2287
1.1018,1.1188,10831,0.087405,p2288
1.0172,1.1565,67557,0.094623,p2289
0.94674,1.0473,39753,0.067794,p2290
0.80787,1.1747,54111,0.064886,p2291
0.9345,1.1107,59006,0.0027649,p2292
1.0335,0.84875,63990,0.061884,p2293
0.80812,0.92556,48307,0.058365,p2294
0.83603,1.0311,39403,0.030771,p2295
1.1494,1.0903,39051,0.061683,p2296
0.98558,1.1179,30743,0.075638,p2297
0.9413,0.81,38195,0.031249,p2298
1.0875,0.87935,19836,0.064252,p2299
0.95836,1.1131,25475,0.0018019,p2300
1.0354,1.1387,9362.7,0.078926,p2301
0.93363,0.88337,31563,0.097693,p2302
0.80923,1.1175,74341,0.056662,p2303
0.85519,1.0192,74011,0.055929,p2304
0.99128,1.0411,72922,0.090718,p2305
1.0068,0.88679,43677,0.033294,p2306
0.80089,1.1005,27822,0.09052,p2307
1.1128,1.167,53027,0.011666,p2308
0.84382,0.89581,68696,0.0572,p2309
1.0487,1.0255,73620,0.022386,p2310
0.81312,0.98337,25064,0.023212,p2311
0.84423,1.0073,49479,0.020972,p2312
1.1085,1.0402,60568,0.012726,p2313
1.1094,1.0858,50984,0.096249,p2314
0.85399,1.0406,73545,0.099117,p2315
0.96751,0.90154,25563,0.05484,p2316
0.90004,1.0375,41184,0.053307,p2317
0.87963,0.97898,62420,0.071176,p2318
1.096,0.9231,64230,0.0072515,p2319
0.99814,0.83213,22683,0.099285,p2320
1.1494,1.0326,54954,0.05466,p2321
0.97957,1.0827,6029.5,0.039843,p2322
0.86808,1.0455,69006,0.0093704,p2323
0.94502,0.82273,47640,0.020124,p2324
1.1623,1.0096,45510,0.067292,p2325
1.1506,1.1648,4367.7,0.089321,p2326
0.84509,1.0711,51677,0.018932,p2327
1.1155,1.0449,67736,0.074236,p2328
0.88578,0.9866,74535,0.027641,p2329
1.0235,0.81511,24604,0.055903,p2330
0.9315,1.0912,16094,0.043077,p2331
0.9534,0.90805,50938,0.089947,p2332
1.123,0.98576,55437,0.0083727,p2333
0.91664,1.0782,19357,0.093166,p2334
0.85475,1.0013,56970,0.084881,p2335
1.0682,1.0308,42337,0.028725,p2336
0.94473,0.86991,44730,0.098374,p2337
0.98709,1.0525,55729,0.045746,p2338
0.95691,0.90121,31103,0.0035203,p2339
1.199,1.0654,68038,0.015076,p2340
0.8729,0.87412,38737,0.042212,p2341
1.1636,1.0532,39619,0.091817,p2342
0.80699,0.89419,56642,0.086067,p2343
0.99971,1.1698,23765,0.0097962,p2344
1.1221,1.102,72517,0.075922,p2345
0.80962,0.96967,8948.7,0.095512,p2346
0.83485,0.98381,54233,0.038347,p2347
0.92408,1.0973,42603,0.031391,p2348
0.96838,1.0303,9792.5,0.094729,p2349
0.98168,0.84043,1167.1,0.065394,p2350
1.1255,1.1916,71433,0.010809,p2351
0.84048,0.88806,31699,0.034913,p2352
0.82968,1.0682,17946,0.019038,p2353
1.1559,0.81493,66965,0.0059831,p2354
1.1719,0.97436,10668,0.015589,p2355
1.1776,0.96468,68341,0.09585,p2356
1.0583,1.0231,38886,0.06868,p2357
1.0974,1.1162,63336,0.017887,p2358
1.1142,1.0173,14914,0.056216,p2359
0.89242,1.0149,8238.7,0.065279,p2360
0.83817,0.92181,30248,0.046639,p2361
0.96787,1.0559,24035,0.079636,p2362
1.1018,0.98747,19705,0.081869,p2363
0.87832,0.93609,56261,0.021709,p2364
1.0726,1.0205,10843,0.033366,p2365
1.1759,1.1687,49559,0.080197,p2366
0.85061,0.98724,60088,0.09382,p2367
1.1417,1.0548,44090,0.097167,p2368
1.194,1.1536,1065.1,0.052784,p2369
0.81614,1.0663,43538,0.041701,p2370
1.0408,0.90542,36502,0.015266,p2371
0.91871,0.93623,67230,0.078742,p2372
0.9523,1.0613,40331,0.010916,p2373
1.0534,1.1724,63404,0.050159,p2374
1.0952,0.87146,52839,0.046203,p2375
0.88738,1.142,58230,0.0839,p2376
1.1701,0.8128,65814,0.010023,p2377
0.85242,1.0765,47785,0.045875,p2378
1.1779,0.81712,72644,0.027879,p2379
0.96291,0.9059,5866.2,0.07946,p2380
1.1087,0.89097,35980,0.063732,p2381
0.90499,1.039,57976,0.094899,p2382
1.0825,0.86214,61739,0.023505,p2383
1.1216,0.82533,23156,0.032831,p2384
0.86503,1.0354,12555,0.024284,p2385
0.90441,1.0034,24625,0.047283,p2386
0.96284,1.1447,31192,0.040085,p2387
1.0984,0.99274,62341,0.085561,p2388
0.8583,0.94485,32055,0.076493,p2389
1.1091,1.1547,60902,0.055331,p2390
1.1372,1.0562,4083.9,0.00026836,p2391
1.0435,0.92766,36154,0.034879,p2392
0.98144,0.84946,41349,0.078349,p2393
1.1134,0.98904,70441,0.042272,p2394
0.82777,0.84462,5934.5,0.094767,p2395
1.0789,0.80573,65778,0.041147,p2396
0.85642,0.8299,65369,0.012184,p2397
0.97147,0.8359,64444,0.00089804,p2398
0.97867,1.1343,22007,0.0058779,p2399
0.82613,1.1208,14930,0.072734,p2400
0.82183,1.1632,50903,0.055982,p2401
1.1845,1.1644,30377,0.00058926,p2402
1.073,0.8007,51458,0.049489,p2403
0.90997,0.80003,62200,0.061194,p2404
1.0227,0.99732,53124,0.058975,p2405
1.1378,0.80112,39996,0.047892,p2406
0.81095,1.1123,48723,0.030504,p2407
1.0053,0.81443,11465,0.092315,p2408
1.1436,1.1734,55942,0.08951,p2409
0.84564,0.8824,41973,0.027314,p2410
0.80646,0.87345,16223,0.026606,p2411
0.81766,1.1946,4341.7,0.052285,p2412
0.99856,1.0684,17906,0.070449,p2413
0.98279,1.1705,66910,0.041352,p2414
0.8045,1.1921,34836,0.073423,p2415
1.0905,0.92699,7192.1,0.033131,p2416
1.0899,1.1397,1757,0.031813,p2417
1.0781,1.1793,70544,0.057268,p2418
0.88861,0.86666,28686,0.010354,p2419
0.95842,1.129,43027,0.029237,p2420
1.1535,0.84233,29576,0.085724,p2421
0.87085,0.94037,65166,0.095134,p2422
0.83972,1.1813,44995,0.072243,p2423
1.1217,1.1783,48930,0.0624,p2424
0.84643,0.97557,40435,0.095702,p2425
1.1761,1.0864,11868,0.040313,p2426
0.99387,0.98781,17697,0.043403,p2427
1.0428,1.0514,36987,0.086609,p2428
1.1286,0.95256,36331,0.061009,p2429
1.133,0.97527,72068,0.027835,p2430
0.87478,0.9539,30127,0.038264,p2431
1.1742,0.98842,51628,0.072017,p2432
1.0967,0.89375,56213,0.087309,p2433
0.87674,0.94347,26620,0.0084651,p2434
1.0206,1.0038,57482,0.070954,p2435
1.0187,1.0935,17787,0.088764,p2436
1.1833,0.80944,20048,0.088885,p2437
1.1466,0.91381,22966,0.05411,p2438
0.97388,1.0336,1310.3,0.033442,p2439
1.0508,1.0829,44811,0.030244,p2440
0.91405,1.0574,33077,0.082854,p2441
0.84794,0.87851,47981,0.091756,p2442
1.1163,1.1032,7410.1,0.09933,p2443
0.81147,1.0959,41105,0.024596,p2444
1.1305,1.1034,33590,0.066536,p2445
1.0801,1.1565,63759,0.033284,p2446
1.0114,1.181,29012,0.091652,p2447
0.84302,1.1184,47228,0.0022354,p2448
0.98141,0.98138,68481,0.049262,p2449
0.83546,0.8961,22648,0.066875,p2450
0.98787,0.84493,24054,0.080643,p2451
0.83997,1.0095,51277,0.0059215,p2452
1.0146,0.91315,3423.6,0.012508,p2453
1.0406,0.90428,35860,0.060872,p2454
1.0617,1.1497,24651,0.016685,p2455
0.93398,0.84894,16828,0.086774,p2456
1.0264,0.98606,32867,0.048695,p2457
1.0602,1.1895,64209,0.012775,p2458
0.96047,0.90595,41568,0.0072138,p2459
1.1726,0.98197,2520.9,0.026648,p2460
0.90828,0.87705,24303,0.014624,p2461
1.0703,0.93305,34094,0.014666,p2462
0.91628,1.1281,37641,0.097892,p2463
0.95576,0.94622,58642,0.079123,p2464
0.92204,1.0542,69034,0.0025213,p2465
1.069,0.84773,6297.2,0.020955,p2466
1.1644,0.93669,22491,0.0024239,p2467
1.1442,0.94568,53877,0.090785,p2468
1.0941,0.89389,49402,0.017211,p2469
0.91552,0.9762,54480,0.09963,p2470
1.1121,0.97397,35944,0.029942,p2471
1.0276,0.81869,4974.3,0.05392,p2472
1.1293,1.1256,5364.4,0.081394,p2473
1.1984,0.92478,25108,0.020586,p2474
0.81256,1.0107,13865,0.0021249,p2475
0.80284,0.92606,4710.8,0.053025,p2476
0.94054,0.98872,71960,0.015719,p2477
0.94653,1.1885,22422,0.039431,p2478
0.92313,0.86276,8035.2,0.018796,p2479
0.82131,0.95137,38155,0.06534,p2480
0.80732,1.0551,58426,0.057105,p2481
1.0424,0.82662,23074,0.094478,p2482
0.80008,1.0338,3181.8,0.068715,p2483
1.0759,1.0334,54772,0.079189,p2484
1.163,1.1541,7886,0.024857,p2485
1.1054,1.1759,3701,0.014833,p2486
1.0689,0.95072,49975,0.066271,p2487
1.0036,1.1134,58997,0.035386,p2488
0.85261,0.91705,33742,0.022601,p2489
0.88637,0.8189,55333,0.097217,p2490
0.84956,1.0747,44430,0.093931,p2491
1.1081,0.97684,43415,0.093482,p2492
0.8055,1.0434,46806,0.0019506,p2493
0.84874,1.1317,60524,0.025348,p2494
0.92643,1.1329,29709,0.030996,p2495
1.144,0.84168,8502.7,0.027676,p2496
0.93588,0.957,49913,0.024819,p2497
0.8499,1.1788,53610,0.008324,p2498
0.84223,0.83339,34265,0.029711,p2499
0.97123,0.96252,64012,0.096619,p2500
